location1	location2
211	805
211	211
571	1139
571	1151
571	320
571	1455
571	1162
571	122
571	571
571	37
571	999
571	339
571	357
571	437
323	779
323	1454
323	315
323	601
323	1164
323	590
323	903
323	910
323	581
323	1451
323	96
323	531
323	1182
323	521
323	433
323	1453
323	419
323	462
323	1332
323	86
323	885
323	305
323	609
323	323
323	423
323	614
323	586
323	1364
323	605
323	262
323	422
323	1498
323	768
323	646
323	1353
323	401
323	642
323	946
323	594
1269	1269
1272	787
1272	90
1272	1272
1473	717
1473	1071
1473	695
1473	123
1473	633
1473	1486
1473	1200
1473	862
1473	893
1473	1292
1473	368
1473	909
1473	286
1473	193
1473	1473
1473	973
1473	1378
1473	157
1473	1138
1473	978
1473	561
1473	738
1473	410
1473	309
1473	1396
1473	627
1473	1011
1473	708
1473	51
1473	855
1473	1236
1473	547
1473	273
1473	859
1473	1472
1473	421
1473	812
1473	147
1473	914
1473	420
1473	1306
1473	663
1473	613
1473	567
1473	684
1473	930
1473	1060
1473	1430
1473	117
1473	541
1473	237
1473	1326
1473	970
1473	1095
1473	894
1473	360
1473	1445
1473	438
1473	1356
1473	9
608	608
885	484
885	1104
885	779
885	1454
885	315
885	601
885	1164
885	590
885	903
885	910
885	581
885	1451
885	96
885	531
885	1182
885	521
885	433
885	1453
885	419
885	462
885	1332
885	86
885	885
885	305
885	609
885	323
885	423
885	614
885	586
885	1364
885	605
885	262
885	422
885	1498
885	768
885	646
885	1353
759	165
759	868
759	887
759	1459
759	1514
759	759
759	1257
759	164
759	275
759	162
325	325
1046	1468
1046	1046
1046	617
1046	81
1484	1484
1484	805
713	713
701	1382
701	1166
701	496
701	880
701	701
701	1525
701	1072
1193	639
1193	1075
1193	1354
1193	1212
1193	658
1193	1018
1193	1148
1193	1193
1193	542
1193	33
1193	954
1193	220
1193	555
880	1382
880	1166
880	496
880	880
880	701
880	1525
880	1072
1382	1382
1382	1166
1382	496
1382	880
1382	701
1382	1525
1382	1072
293	236
293	774
293	1493
293	293
293	1279
293	1033
975	975
1047	1047
623	623
1228	465
1228	807
1228	761
1228	1008
1228	1494
1228	935
1228	228
1228	1349
1228	281
1228	632
1228	1328
1228	1362
1228	171
1228	1088
1228	151
1228	748
1228	1228
1228	763
1228	1215
1228	945
1228	50
1228	349
1228	19
1228	1126
1228	921
1228	661
1228	1025
1088	342
1088	807
1088	761
1088	935
1088	1349
1088	281
1088	632
1088	171
1088	107
1088	1088
1088	748
1088	1228
1088	763
1088	945
1088	50
1088	349
1088	1025
1166	1382
1166	1166
1166	496
1166	880
1166	701
1166	1525
1166	1072
821	821
821	1217
821	1042
821	1235
821	769
821	849
821	992
1294	1294
1451	1033
1451	484
1451	1104
1451	779
1451	1454
1451	315
1451	601
1451	1164
1451	590
1451	903
1451	910
1451	581
1451	1451
1451	96
1451	531
1451	1182
1451	521
1451	433
1451	1453
1451	419
1451	462
1451	1332
1451	86
1451	885
1451	305
1451	609
1451	323
1451	423
1451	614
1451	586
1451	1364
957	1026
957	1029
957	224
957	957
957	881
957	562
1531	1375
1531	1531
1531	670
1531	326
1531	1001
378	378
620	620
339	320
339	1455
339	1162
339	122
339	571
339	37
339	999
339	339
339	357
339	1279
585	830
585	255
585	585
162	1514
162	759
162	164
162	275
162	162
162	5
162	148
162	1066
162	461
162	1278
162	1
1273	1273
594	305
594	609
594	323
594	423
594	614
594	586
594	1364
594	605
594	262
594	422
594	1498
594	768
594	646
594	1353
594	401
594	642
594	946
594	594
594	831
594	1026
594	1029
594	224
959	959
959	482
779	1279
779	1033
779	1411
779	484
779	1104
779	779
779	1454
779	354
779	315
779	1397
779	601
779	1164
779	590
779	903
779	843
779	1243
779	910
779	581
779	1451
779	96
779	531
779	1182
779	521
779	433
779	736
779	419
779	462
779	1332
779	86
779	885
779	889
779	323
164	1514
164	759
164	1257
164	164
164	275
164	162
164	148
164	1066
164	461
164	1278
164	1
1402	1402
590	1279
590	1033
590	1411
590	484
590	1104
590	779
590	1454
590	354
590	315
590	1397
590	601
590	1164
590	590
590	903
590	843
590	1243
590	910
590	581
590	1451
590	96
590	531
590	1182
590	521
590	433
590	736
590	419
590	908
590	462
590	1332
590	86
590	885
590	889
590	323
590	614
590	586
360	1200
360	862
360	893
360	1292
360	368
360	909
360	286
360	193
360	1473
360	973
360	1378
360	157
360	1138
360	978
360	561
360	738
360	410
360	309
360	1396
360	627
360	1011
360	708
360	51
360	855
360	1236
360	547
360	273
360	859
360	1472
360	421
360	812
360	147
360	914
360	420
360	1306
360	663
360	613
360	567
360	684
360	930
360	1060
360	1430
360	117
360	541
360	237
360	1326
360	970
360	1095
360	894
360	360
360	1445
360	438
360	1356
360	256
360	125
360	1446
360	1050
360	1283
360	1114
360	9
482	959
482	482
1432	1432
1411	1279
1411	1033
1411	1411
1411	484
1411	1104
1411	779
1411	1454
1411	354
1411	315
1411	1397
1411	1164
1411	590
1411	903
1411	843
1411	1243
1411	346
1411	96
1411	531
1411	1182
1411	1416
1411	244
1411	433
1411	736
1411	908
1411	889
1387	1387
1387	895
1447	818
1447	1447
1413	1192
1413	1413
496	1382
496	1166
496	496
496	880
496	701
496	1525
496	1072
505	213
505	851
505	652
505	1290
505	505
505	1327
964	964
1397	1279
1397	1033
1397	1411
1397	484
1397	1104
1397	779
1397	1454
1397	354
1397	315
1397	1397
1397	1164
1397	590
1397	903
1397	843
1397	1243
1397	346
1397	96
1397	531
1397	1182
1397	1416
1397	244
1397	736
1397	908
1397	889
458	458
709	1161
709	709
1235	821
1235	1217
1235	1042
1235	1235
1235	769
1235	849
1235	992
1337	1337
1337	1438
320	1139
320	1151
320	320
320	1455
320	1162
320	122
320	571
320	37
320	999
320	339
320	357
903	1279
903	1033
903	1411
903	484
903	1104
903	779
903	1454
903	354
903	315
903	1397
903	601
903	1164
903	590
903	903
903	843
903	1243
903	910
903	581
903	1451
903	96
903	531
903	1182
903	521
903	433
903	736
903	419
903	908
903	462
903	1332
903	86
903	885
903	889
903	323
903	614
903	586
881	1026
881	1029
881	224
881	957
881	881
881	562
736	1033
736	1411
736	484
736	1104
736	779
736	1454
736	354
736	315
736	1397
736	1164
736	590
736	903
736	843
736	1243
736	346
736	96
736	531
736	1182
736	1416
736	244
736	433
736	736
736	908
736	889
736	1087
835	835
835	454
835	1429
569	240
569	1403
569	569
1257	868
1257	887
1257	1514
1257	759
1257	1257
1257	164
521	1033
521	484
521	1104
521	779
521	1454
521	315
521	601
521	1164
521	590
521	903
521	910
521	581
521	1451
521	96
521	531
521	1182
521	521
521	433
521	1453
521	419
521	462
521	1332
521	86
521	885
521	305
521	609
521	323
521	423
521	614
521	586
521	1364
521	605
521	262
165	908
165	889
165	181
165	997
165	1087
165	377
165	53
165	197
165	40
165	165
165	1459
165	45
165	1514
165	759
645	142
645	204
645	645
645	1303
5	275
5	162
5	5
5	148
673	673
673	1232
673	1395
673	1428
673	875
673	499
673	358
673	1059
1104	1279
1104	1033
1104	1411
1104	484
1104	1104
1104	779
1104	1454
1104	354
1104	315
1104	1397
1104	601
1104	1164
1104	590
1104	903
1104	843
1104	1243
1104	910
1104	581
1104	1451
1104	96
1104	531
1104	1182
1104	521
1104	1416
1104	433
1104	736
1104	419
1104	908
1104	462
1104	1332
1104	86
1104	885
1104	889
788	788
433	1033
433	1411
433	484
433	1104
433	779
433	1454
433	354
433	315
433	601
433	1164
433	590
433	903
433	843
433	910
433	581
433	1451
433	96
433	531
433	1182
433	521
433	433
433	1453
433	736
433	419
433	462
433	1332
433	86
433	885
433	305
433	609
433	323
433	423
433	614
433	586
433	1364
433	605
433	262
433	422
1467	1467
265	265
440	440
1255	1255
1525	1382
1525	1166
1525	496
1525	880
1525	701
1525	1525
1525	1072
1090	1090
1192	1192
1192	1413
1505	1505
1083	1083
146	146
793	793
1407	1407
294	294
412	412
988	988
570	570
1452	1452
1250	1250
836	836
1151	1139
1151	1151
1151	320
1151	1455
1151	1162
1151	122
1151	571
810	810
236	236
236	774
236	1493
236	293
236	1279
724	724
853	853
843	1279
843	1033
843	1411
843	484
843	1104
843	779
843	1454
843	354
843	315
843	1397
843	1164
843	590
843	903
843	843
843	1243
843	346
843	96
843	531
843	1182
843	1416
843	244
843	433
843	736
843	908
843	889
769	821
769	1217
769	1042
769	1235
769	769
769	849
769	992
1438	1337
1438	1438
830	830
830	255
830	585
534	534
186	522
186	186
186	425
186	1224
186	705
186	942
186	253
186	1410
186	845
186	54
186	1054
186	38
186	44
1366	438
1366	1356
1366	256
1366	125
1366	1446
1366	1050
1366	1283
1366	1366
315	1279
315	1033
315	1411
315	484
315	1104
315	779
315	1454
315	354
315	315
315	1397
315	601
315	1164
315	590
315	903
315	843
315	1243
315	910
315	581
315	1451
315	96
315	531
315	1182
315	521
315	1416
315	433
315	736
315	419
315	908
315	462
315	1332
315	86
315	885
315	889
315	323
315	614
1454	1279
1454	1033
1454	1411
1454	484
1454	1104
1454	779
1454	1454
1454	354
1454	315
1454	1397
1454	601
1454	1164
1454	590
1454	903
1454	843
1454	1243
1454	910
1454	581
1454	1451
1454	96
1454	531
1454	1182
1454	521
1454	1416
1454	433
1454	736
1454	419
1454	908
1454	462
1454	1332
1454	86
1454	885
1454	889
1454	323
201	201
132	132
504	504
422	433
422	1453
422	419
422	462
422	1332
422	86
422	885
422	305
422	609
422	323
422	423
422	614
422	586
422	1364
422	605
422	262
422	422
422	1498
422	768
422	646
422	1353
422	401
422	642
422	946
422	594
422	831
422	1026
1197	1197
647	647
1485	1485
402	1124
402	1287
402	402
402	218
402	900
402	744
402	52
823	823
1072	1382
1072	1166
1072	496
1072	880
1072	701
1072	1525
1072	1072
409	1244
409	409
409	941
223	223
33	1212
33	658
33	1018
33	1148
33	1193
33	542
33	33
33	954
33	220
33	555
1124	1124
1124	1287
1124	402
1124	218
1124	900
1124	744
1124	52
1142	1142
650	650
330	330
330	427
861	861
800	800
36	36
600	600
907	907
218	1124
218	1287
218	402
218	218
218	900
218	744
218	52
626	626
152	152
61	61
449	919
449	449
25	25
524	524
999	320
999	1455
999	1162
999	122
999	571
999	37
999	999
999	339
999	357
999	1279
1386	1386
1386	89
486	486
486	882
486	1187
486	722
486	424
486	1049
851	213
851	851
851	652
851	1290
851	505
851	1327
58	58
854	854
324	324
1199	1199
977	977
1177	1177
1177	483
1177	3
133	578
133	133
72	72
168	168
1448	1448
985	149
985	985
985	1388
985	784
941	1244
941	409
941	941
272	272
739	739
233	233
477	477
1089	1089
500	500
483	1177
483	483
483	3
557	557
557	331
557	1143
860	860
316	316
195	195
579	1110
579	579
579	1227
327	327
327	1256
742	742
743	743
1324	1324
1365	1365
806	806
445	445
1252	1252
1232	673
1232	1232
1232	1395
1232	1428
1232	875
1232	499
1232	416
1232	358
1232	1059
1	164
1	275
1	162
1	148
1	1066
1	461
1	1278
1	1
1	1207
1	1476
1	1109
1	1280
1001	1375
1001	1531
1001	670
1001	326
1001	1001
1162	1139
1162	1151
1162	320
1162	1455
1162	1162
1162	122
1162	571
1162	37
1162	999
1162	339
1162	357
1152	1152
326	1375
326	1531
326	670
326	326
326	1001
461	164
461	275
461	162
461	148
461	1066
461	461
461	1278
461	1
461	1207
461	1476
461	1109
437	1455
437	122
437	571
437	437
196	196
111	888
111	111
111	868
111	887
1182	1033
1182	1411
1182	484
1182	1104
1182	779
1182	1454
1182	354
1182	315
1182	1397
1182	601
1182	1164
1182	590
1182	903
1182	843
1182	1243
1182	910
1182	581
1182	1451
1182	96
1182	531
1182	1182
1182	521
1182	1416
1182	433
1182	736
1182	419
1182	908
1182	462
1182	1332
1182	86
1182	885
1182	889
1182	323
1182	614
1182	586
1182	1364
1182	605
1182	262
1029	401
1029	642
1029	946
1029	594
1029	1026
1029	1029
1029	224
1029	957
1029	881
651	1401
651	651
651	478
926	926
1455	1139
1455	1151
1455	320
1455	1455
1455	1162
1455	122
1455	571
1455	37
1455	999
1455	339
1455	357
1455	437
1527	1527
1211	1211
1109	461
1109	1278
1109	1
1109	1207
1109	1476
1109	1109
1109	1280
416	1232
416	1395
416	1428
416	875
416	499
416	416
416	358
416	1059
1066	164
1066	275
1066	162
1066	148
1066	1066
1066	461
1066	1278
1066	1
888	888
888	111
888	868
888	887
1017	1017
748	465
748	807
748	761
748	1008
748	1494
748	935
748	228
748	1349
748	281
748	632
748	1328
748	1362
748	171
748	1088
748	151
748	748
748	1228
748	763
748	1215
748	945
748	50
748	349
748	19
748	1126
748	921
748	661
748	1025
646	419
646	462
646	1332
646	86
646	885
646	305
646	609
646	323
646	423
646	614
646	586
646	1364
646	605
646	262
646	422
646	1498
646	768
646	646
646	1353
646	401
646	642
646	946
646	594
646	831
646	1026
252	252
224	401
224	642
224	946
224	594
224	1026
224	1029
224	224
224	957
224	881
224	562
1279	37
1279	999
1279	339
1279	357
1279	236
1279	293
1279	1279
1279	1033
1279	1411
1279	484
1279	1104
1279	779
1279	1454
1279	354
1279	315
1279	1397
1279	601
1279	1164
1279	590
1279	903
1279	843
1279	1243
1279	910
1279	581
1428	673
1428	1232
1428	1395
1428	1428
1428	875
1428	499
1428	416
1428	358
1428	1059
484	1279
484	1033
484	1411
484	484
484	1104
484	779
484	1454
484	354
484	315
484	1397
484	601
484	1164
484	590
484	903
484	843
484	1243
484	910
484	581
484	1451
484	96
484	531
484	1182
484	521
484	433
484	1453
484	736
484	419
484	462
484	1332
484	86
484	885
484	889
1164	1279
1164	1033
1164	1411
1164	484
1164	1104
1164	779
1164	1454
1164	354
1164	315
1164	1397
1164	601
1164	1164
1164	590
1164	903
1164	843
1164	1243
1164	910
1164	581
1164	1451
1164	96
1164	531
1164	1182
1164	521
1164	433
1164	1453
1164	736
1164	419
1164	462
1164	1332
1164	86
1164	885
1164	889
1164	323
1164	614
1164	586
1284	1284
1284	1010
855	717
855	1071
855	695
855	123
855	633
855	1486
855	1200
855	862
855	893
855	1292
855	368
855	909
855	286
855	193
855	1473
855	973
855	1378
855	157
855	1138
855	978
855	561
855	738
855	410
855	309
855	1396
855	627
855	1011
855	708
855	51
855	855
855	1236
855	547
855	273
855	859
855	1472
855	421
855	812
855	147
855	914
855	420
855	1306
855	663
855	613
855	567
855	684
855	930
855	1060
855	1430
855	117
855	541
855	237
855	1326
855	970
855	1095
855	894
855	360
855	1445
855	438
855	1356
855	256
855	125
855	1446
855	1050
855	9
1385	1385
1498	419
1498	462
1498	1332
1498	86
1498	885
1498	305
1498	609
1498	323
1498	423
1498	614
1498	586
1498	1364
1498	605
1498	262
1498	422
1498	1498
1498	768
1498	646
1498	1353
1498	401
1498	642
1498	946
1498	594
1498	831
1498	24
908	1411
908	1104
908	1454
908	354
908	315
908	1397
908	590
908	903
908	843
908	1243
908	346
908	96
908	531
908	1182
908	1416
908	244
908	736
908	908
908	889
908	181
908	997
908	1087
908	377
908	53
908	197
908	40
908	165
157	717
157	1071
157	695
157	123
157	633
157	1486
157	1200
157	862
157	893
157	1292
157	368
157	909
157	286
157	193
157	1473
157	973
157	1378
157	157
157	1138
157	978
157	561
157	738
157	410
157	309
157	1396
157	627
157	1011
157	708
157	51
157	855
157	1236
157	547
157	273
157	859
157	1472
157	421
157	812
157	147
157	914
157	420
157	1306
157	663
157	613
157	567
157	684
157	930
157	1060
157	1430
157	117
157	541
157	237
157	1326
157	970
157	1095
157	894
157	360
157	1445
157	438
157	1356
157	9
1059	673
1059	1232
1059	1395
1059	1428
1059	875
1059	499
1059	416
1059	358
1059	1059
1071	717
1071	1071
1071	695
1071	123
1071	633
1071	1486
1071	1200
1071	862
1071	893
1071	1292
1071	368
1071	909
1071	286
1071	193
1071	1473
1071	973
1071	1378
1071	157
1071	1138
1071	978
1071	561
1071	738
1071	410
1071	309
1071	1396
1071	627
1071	1011
1071	708
1071	51
1071	855
1071	1236
1071	547
1071	273
1071	859
1071	1472
1071	421
1071	812
1071	147
1071	914
1071	420
1071	1306
1071	663
1071	613
1071	567
1071	684
1071	9
499	673
499	1232
499	1395
499	1428
499	875
499	499
499	416
499	358
499	1059
1206	729
1206	1206
1345	1345
818	818
818	1447
150	150
20	20
591	591
183	183
434	434
1403	240
1403	1403
1403	569
837	837
1042	821
1042	1217
1042	1042
1042	1235
1042	769
1042	849
1042	992
185	226
185	1302
185	185
185	532
50	465
50	807
50	761
50	1008
50	1494
50	935
50	228
50	1349
50	281
50	632
50	1328
50	171
50	1088
50	151
50	748
50	1228
50	763
50	1215
50	945
50	50
50	349
50	19
50	1126
50	921
50	1025
392	775
392	392
392	1098
392	104
392	927
392	485
392	1040
392	277
141	228
141	1349
141	281
141	1328
141	1362
141	151
141	1215
141	349
141	19
141	1126
141	141
141	921
141	661
141	1025
141	430
661	935
661	228
661	1349
661	281
661	1328
661	1362
661	151
661	748
661	1228
661	1215
661	945
661	349
661	19
661	1126
661	141
661	921
661	661
661	1025
661	430
1471	1471
763	807
763	761
763	935
763	1349
763	281
763	632
763	171
763	107
763	1088
763	748
763	1228
763	763
763	945
763	50
763	349
763	19
763	1025
151	465
151	807
151	761
151	1008
151	1494
151	935
151	228
151	1349
151	281
151	632
151	1328
151	1362
151	151
151	748
151	1228
151	1215
151	945
151	50
151	349
151	19
151	1126
151	141
151	921
151	661
151	1025
151	430
1494	104
1494	927
1494	485
1494	1040
1494	277
1494	342
1494	465
1494	807
1494	761
1494	1008
1494	1494
1494	935
1494	228
1494	1349
1494	281
1494	632
1494	1328
1494	1362
1494	151
1494	748
1494	1228
1494	1215
1494	945
1494	50
1494	349
1494	19
1494	1126
1398	1398
1025	1349
1025	281
1025	632
1025	1328
1025	1362
1025	171
1025	1088
1025	151
1025	748
1025	1228
1025	763
1025	1215
1025	945
1025	50
1025	349
1025	19
1025	1126
1025	141
1025	921
1025	661
1025	1025
945	465
945	807
945	761
945	1008
945	1494
945	935
945	228
945	1349
945	281
945	632
945	1328
945	1362
945	171
945	1088
945	151
945	748
945	1228
945	763
945	1215
945	945
945	50
945	349
945	19
945	1126
945	921
945	661
945	1025
342	1098
342	104
342	927
342	485
342	1040
342	277
342	342
342	465
342	807
342	761
342	1008
342	1494
342	935
342	228
342	1349
342	281
342	632
342	1328
342	1362
342	171
342	1088
228	927
228	485
228	1040
228	277
228	342
228	465
228	807
228	761
228	1008
228	1494
228	935
228	228
228	1349
228	281
228	632
228	1328
228	1362
228	151
228	748
228	1228
228	1215
228	945
228	50
228	349
228	19
228	1126
228	141
228	921
228	661
104	392
104	1098
104	104
104	927
104	485
104	1040
104	277
104	342
104	465
104	807
104	761
104	1008
104	1494
104	935
935	104
935	927
935	485
935	1040
935	277
935	342
935	465
935	807
935	761
935	1008
935	1494
935	935
935	228
935	1349
935	281
935	632
935	1328
935	1362
935	171
935	1088
935	151
935	748
935	1228
935	763
935	1215
935	945
935	50
935	349
935	19
935	1126
935	921
935	661
562	224
562	957
562	881
562	562
489	489
1120	85
1120	243
1120	177
1120	22
1120	714
1120	1120
1120	865
1120	1463
40	908
40	889
40	181
40	997
40	1087
40	377
40	53
40	197
40	40
40	165
40	1459
40	45
40	1514
45	889
45	181
45	997
45	1087
45	377
45	53
45	197
45	40
45	165
45	1459
45	45
45	24
887	888
887	111
887	868
887	887
887	1514
887	759
887	1257
889	1411
889	484
889	1104
889	779
889	1454
889	354
889	315
889	1397
889	1164
889	590
889	903
889	843
889	1243
889	346
889	96
889	531
889	1182
889	1416
889	244
889	736
889	908
889	889
889	181
889	997
889	1087
889	377
889	53
889	197
889	40
889	165
889	45
831	423
831	614
831	586
831	1364
831	605
831	262
831	422
831	1498
831	768
831	646
831	1353
831	594
831	831
831	24
1490	1490
1033	774
1033	1493
1033	293
1033	1279
1033	1033
1033	1411
1033	484
1033	1104
1033	779
1033	1454
1033	354
1033	315
1033	1397
1033	601
1033	1164
1033	590
1033	903
1033	843
1033	1243
1033	910
1033	581
1033	1451
1033	96
1033	531
1033	1182
1033	521
1033	1416
1033	433
1033	736
1087	736
1087	908
1087	889
1087	181
1087	997
1087	1087
1087	377
1087	53
1087	197
1087	40
1087	165
1087	1459
1087	45
96	1033
96	1411
96	484
96	1104
96	779
96	1454
96	354
96	315
96	1397
96	601
96	1164
96	590
96	903
96	843
96	1243
96	910
96	581
96	1451
96	96
96	531
96	1182
96	521
96	1416
96	433
96	736
96	419
96	908
96	462
96	1332
96	86
96	885
96	889
96	323
96	614
96	586
96	1364
96	605
96	262
1028	1028
1176	1176
135	135
729	729
729	1206
627	717
627	1071
627	695
627	123
627	633
627	1486
627	1200
627	862
627	893
627	1292
627	368
627	909
627	286
627	193
627	1473
627	973
627	1378
627	157
627	1138
627	978
627	561
627	738
627	410
627	309
627	1396
627	627
627	1011
627	708
627	51
627	855
627	1236
627	547
627	273
627	859
627	1472
627	421
627	812
627	147
627	914
627	420
627	1306
627	663
627	613
627	567
627	684
627	930
627	1060
627	1430
627	117
627	541
627	237
627	1326
627	970
627	1095
627	894
627	360
627	1445
627	438
627	1356
627	256
627	125
627	1446
627	1050
627	9
181	1243
181	346
181	1391
181	1416
181	244
181	908
181	889
181	181
181	997
181	1087
181	377
181	53
181	197
181	40
181	165
181	1459
181	45
1346	1346
1346	715
1346	1519
41	41
1453	484
1453	601
1453	1164
1453	910
1453	581
1453	1451
1453	521
1453	433
1453	1453
1453	419
1453	462
1453	1332
1453	86
1453	885
1453	305
1453	609
1453	323
1453	423
1453	614
1453	586
1453	1364
1453	605
1453	262
1453	422
122	1139
122	1151
122	320
122	1455
122	1162
122	122
122	571
122	37
122	999
122	339
122	357
122	437
1375	1375
1375	1531
1375	670
1375	326
1375	1001
609	601
609	910
609	581
609	1451
609	521
609	433
609	1453
609	419
609	462
609	1332
609	86
609	885
609	305
609	609
609	323
609	423
609	614
609	586
609	1364
609	605
609	262
609	422
609	1498
609	768
609	646
609	1353
609	401
609	642
609	946
609	594
1476	461
1476	1278
1476	1
1476	1207
1476	1476
1476	1109
1476	1280
667	667
1061	1061
246	246
1147	1147
1217	821
1217	1217
1217	1042
1217	1235
1217	769
1217	849
1217	992
193	717
193	1071
193	695
193	123
193	633
193	1486
193	1200
193	862
193	893
193	1292
193	368
193	909
193	286
193	193
193	1473
193	973
193	1378
193	157
193	1138
193	978
193	561
193	738
193	410
193	309
193	1396
193	627
193	1011
193	708
193	51
193	855
193	1236
193	547
193	273
193	859
193	1472
193	421
193	812
193	147
193	914
193	420
193	1306
193	663
193	613
193	567
193	684
193	930
193	1060
193	1430
193	117
193	541
193	237
193	1326
193	970
193	1095
193	894
193	360
193	1445
193	438
193	1356
193	9
1128	1128
256	309
256	1396
256	627
256	1011
256	708
256	51
256	855
256	1236
256	547
256	273
256	859
256	1472
256	812
256	147
256	914
256	420
256	1306
256	663
256	613
256	567
256	684
256	930
256	1060
256	1430
256	117
256	541
256	237
256	1326
256	970
256	1095
256	894
256	360
256	1445
256	438
256	1356
256	256
256	125
256	1446
256	1050
256	1283
256	1114
256	1366
256	9
1378	717
1378	1071
1378	695
1378	123
1378	633
1378	1486
1378	1200
1378	862
1378	893
1378	1292
1378	368
1378	909
1378	286
1378	193
1378	1473
1378	973
1378	1378
1378	157
1378	1138
1378	978
1378	561
1378	738
1378	410
1378	309
1378	1396
1378	627
1378	1011
1378	708
1378	51
1378	855
1378	1236
1378	547
1378	273
1378	859
1378	1472
1378	421
1378	812
1378	147
1378	914
1378	420
1378	1306
1378	663
1378	613
1378	567
1378	684
1378	930
1378	1060
1378	1430
1378	117
1378	541
1378	237
1378	1326
1378	970
1378	1095
1378	894
1378	360
1378	1445
1378	438
1378	1356
1378	9
1095	695
1095	123
1095	633
1095	1486
1095	1200
1095	862
1095	893
1095	1292
1095	368
1095	909
1095	286
1095	193
1095	1473
1095	973
1095	1378
1095	157
1095	1138
1095	978
1095	561
1095	738
1095	410
1095	309
1095	1396
1095	627
1095	1011
1095	708
1095	51
1095	855
1095	1236
1095	547
1095	273
1095	859
1095	1472
1095	812
1095	147
1095	914
1095	420
1095	1306
1095	663
1095	613
1095	567
1095	684
1095	930
1095	1060
1095	1430
1095	117
1095	541
1095	237
1095	1326
1095	970
1095	1095
1095	894
1095	360
1095	1445
1095	438
1095	1356
1095	256
1095	125
1095	1446
1095	1050
1095	1283
1095	1114
1095	9
754	1114
754	754
754	554
754	295
754	797
123	717
123	1071
123	695
123	123
123	633
123	1486
123	1200
123	862
123	893
123	1292
123	368
123	909
123	286
123	193
123	1473
123	973
123	1378
123	157
123	1138
123	978
123	561
123	738
123	410
123	309
123	1396
123	627
123	1011
123	708
123	51
123	855
123	1236
123	547
123	273
123	859
123	1472
123	421
123	812
123	147
123	914
123	420
123	1306
123	663
123	613
123	567
123	684
123	930
123	1060
123	1430
123	117
123	541
123	237
123	1326
123	970
123	1095
123	894
123	9
547	717
547	1071
547	695
547	123
547	633
547	1486
547	1200
547	862
547	893
547	1292
547	368
547	909
547	286
547	193
547	1473
547	973
547	1378
547	157
547	1138
547	978
547	561
547	738
547	410
547	309
547	1396
547	627
547	1011
547	708
547	51
547	855
547	1236
547	547
547	273
547	859
547	1472
547	421
547	812
547	147
547	914
547	420
547	1306
547	663
547	613
547	567
547	684
547	930
547	1060
547	1430
547	117
547	541
547	237
547	1326
547	970
547	1095
547	894
547	360
547	1445
547	438
547	1356
547	256
547	125
547	1446
547	1050
547	9
1326	695
1326	123
1326	633
1326	1486
1326	1200
1326	862
1326	893
1326	1292
1326	368
1326	909
1326	286
1326	193
1326	1473
1326	973
1326	1378
1326	157
1326	1138
1326	978
1326	561
1326	738
1326	410
1326	309
1326	1396
1326	627
1326	1011
1326	708
1326	51
1326	855
1326	1236
1326	547
1326	273
1326	859
1326	1472
1326	421
1326	812
1326	147
1326	914
1326	420
1326	1306
1326	663
1326	613
1326	567
1326	684
1326	930
1326	1060
1326	1430
1326	117
1326	541
1326	237
1326	1326
1326	970
1326	1095
1326	894
1326	360
1326	1445
1326	438
1326	1356
1326	256
1326	125
1326	1446
1326	1050
1326	1283
1326	1114
1326	9
1295	1253
1295	1295
890	960
890	890
286	717
286	1071
286	695
286	123
286	633
286	1486
286	1200
286	862
286	893
286	1292
286	368
286	909
286	286
286	193
286	1473
286	973
286	1378
286	157
286	1138
286	978
286	561
286	738
286	410
286	309
286	1396
286	627
286	1011
286	708
286	51
286	855
286	1236
286	547
286	273
286	859
286	1472
286	421
286	812
286	147
286	914
286	420
286	1306
286	663
286	613
286	567
286	684
286	930
286	1060
286	1430
286	117
286	541
286	237
286	1326
286	970
286	1095
286	894
286	360
286	1445
286	9
865	85
865	243
865	177
865	22
865	714
865	1120
865	865
865	1463
797	754
797	554
797	797
797	85
1377	1377
1377	515
177	1239
177	85
177	243
177	177
177	22
177	714
177	1120
177	865
177	1463
1519	1346
1519	715
1519	1519
295	754
295	554
295	295
295	1239
1253	1253
1253	1295
633	717
633	1071
633	695
633	123
633	633
633	1486
633	1200
633	862
633	893
633	1292
633	368
633	909
633	286
633	193
633	1473
633	973
633	1378
633	157
633	1138
633	978
633	561
633	738
633	410
633	309
633	1396
633	627
633	1011
633	708
633	51
633	855
633	1236
633	547
633	273
633	859
633	1472
633	421
633	812
633	147
633	914
633	420
633	1306
633	663
633	613
633	567
633	684
633	930
633	1060
633	1430
633	117
633	541
633	237
633	1326
633	970
633	1095
633	894
633	9
1060	695
1060	123
1060	633
1060	1486
1060	1200
1060	862
1060	893
1060	1292
1060	368
1060	909
1060	286
1060	193
1060	1473
1060	973
1060	1378
1060	157
1060	1138
1060	978
1060	561
1060	738
1060	410
1060	309
1060	1396
1060	627
1060	1011
1060	708
1060	51
1060	855
1060	1236
1060	547
1060	273
1060	859
1060	1472
1060	421
1060	812
1060	147
1060	914
1060	420
1060	1306
1060	663
1060	613
1060	567
1060	684
1060	930
1060	1060
1060	1430
1060	117
1060	541
1060	237
1060	1326
1060	970
1060	1095
1060	894
1060	360
1060	1445
1060	438
1060	1356
1060	256
1060	125
1060	1446
1060	1050
1060	1283
1060	1114
1060	9
695	717
695	1071
695	695
695	123
695	633
695	1486
695	1200
695	862
695	893
695	1292
695	368
695	909
695	286
695	193
695	1473
695	973
695	1378
695	157
695	1138
695	978
695	561
695	738
695	410
695	309
695	1396
695	627
695	1011
695	708
695	51
695	855
695	1236
695	547
695	273
695	859
695	1472
695	421
695	812
695	147
695	914
695	420
695	1306
695	663
695	613
695	567
695	684
695	930
695	1060
695	1430
695	117
695	541
695	237
695	1326
695	970
695	1095
695	9
541	695
541	123
541	633
541	1486
541	1200
541	862
541	893
541	1292
541	368
541	909
541	286
541	960
541	193
541	1473
541	973
541	1378
541	157
541	1138
541	978
541	561
541	738
541	410
541	309
541	1396
541	627
541	1011
541	708
541	51
541	855
541	1236
541	547
541	273
541	859
541	1472
541	812
541	147
541	914
541	420
541	1306
541	663
541	613
541	567
541	684
541	930
541	1060
541	1430
541	117
541	541
541	237
541	1326
541	970
541	1095
541	360
541	1445
541	438
541	1356
541	256
541	125
541	1446
541	1050
541	1283
541	1114
541	9
708	717
708	1071
708	695
708	123
708	633
708	1486
708	1200
708	862
708	893
708	1292
708	368
708	909
708	286
708	193
708	1473
708	973
708	1378
708	157
708	1138
708	978
708	561
708	738
708	410
708	309
708	1396
708	627
708	1011
708	708
708	51
708	855
708	1236
708	547
708	273
708	859
708	1472
708	421
708	812
708	147
708	914
708	420
708	1306
708	663
708	613
708	567
708	684
708	930
708	1060
708	1430
708	117
708	541
708	237
708	1326
708	970
708	1095
708	894
708	360
708	1445
708	438
708	1356
708	256
708	125
708	1446
708	1050
708	9
714	1239
714	85
714	243
714	177
714	22
714	714
714	1120
714	865
714	1463
309	717
309	1071
309	695
309	123
309	633
309	1486
309	1200
309	862
309	893
309	1292
309	368
309	909
309	286
309	193
309	1473
309	973
309	1378
309	157
309	1138
309	978
309	561
309	738
309	410
309	309
309	1396
309	627
309	1011
309	708
309	51
309	855
309	1236
309	547
309	273
309	859
309	1472
309	421
309	812
309	147
309	914
309	420
309	1306
309	663
309	613
309	567
309	684
309	930
309	1060
309	1430
309	117
309	541
309	237
309	1326
309	970
309	1095
309	894
309	360
309	1445
309	438
309	1356
309	256
309	125
309	1446
309	1050
309	9
973	717
973	1071
973	695
973	123
973	633
973	1486
973	1200
973	862
973	893
973	1292
973	368
973	909
973	286
973	193
973	1473
973	973
973	1378
973	157
973	1138
973	978
973	561
973	738
973	410
973	309
973	1396
973	627
973	1011
973	708
973	51
973	855
973	1236
973	547
973	273
973	859
973	1472
973	421
973	812
973	147
973	914
973	420
973	1306
973	663
973	613
973	567
973	684
973	930
973	1060
973	1430
973	117
973	541
973	237
973	1326
973	970
973	1095
973	894
973	360
973	1445
973	438
973	1356
973	9
663	1071
663	695
663	123
663	633
663	1486
663	1200
663	862
663	893
663	1292
663	368
663	909
663	286
663	193
663	1473
663	973
663	1378
663	157
663	1138
663	978
663	561
663	738
663	410
663	309
663	1396
663	627
663	1011
663	708
663	51
663	855
663	1236
663	547
663	273
663	859
663	1472
663	812
663	147
663	914
663	420
663	1306
663	663
663	613
663	567
663	684
663	930
663	1060
663	1430
663	117
663	541
663	237
663	1326
663	970
663	1095
663	894
663	360
663	1445
663	438
663	1356
663	256
663	125
663	1446
663	1050
663	1283
663	1114
663	9
425	522
425	186
425	425
425	1224
425	705
425	942
425	253
425	1410
425	845
425	54
425	1054
425	38
425	44
942	522
942	186
942	425
942	1224
942	705
942	942
942	253
942	1410
942	845
942	54
942	1054
942	38
942	44
368	717
368	1071
368	695
368	123
368	633
368	1486
368	1200
368	862
368	893
368	1292
368	368
368	909
368	286
368	193
368	1473
368	973
368	1378
368	157
368	1138
368	978
368	561
368	738
368	410
368	309
368	1396
368	627
368	1011
368	708
368	51
368	855
368	1236
368	547
368	273
368	859
368	1472
368	421
368	812
368	147
368	914
368	420
368	1306
368	663
368	613
368	567
368	684
368	930
368	1060
368	1430
368	117
368	541
368	237
368	1326
368	970
368	1095
368	894
368	360
368	1445
368	9
22	85
22	243
22	177
22	22
22	714
22	519
22	1120
22	865
22	1463
85	554
85	797
85	85
85	243
85	177
85	22
85	714
85	519
85	1120
85	865
1200	717
1200	1071
1200	695
1200	123
1200	633
1200	1486
1200	1200
1200	862
1200	893
1200	1292
1200	368
1200	909
1200	286
1200	193
1200	1473
1200	973
1200	1378
1200	157
1200	1138
1200	978
1200	561
1200	738
1200	410
1200	309
1200	1396
1200	627
1200	1011
1200	708
1200	51
1200	855
1200	1236
1200	547
1200	273
1200	859
1200	1472
1200	421
1200	812
1200	147
1200	914
1200	420
1200	1306
1200	663
1200	613
1200	567
1200	684
1200	930
1200	1060
1200	1430
1200	117
1200	541
1200	237
1200	1326
1200	970
1200	1095
1200	894
1200	360
1200	9
1301	1301
1301	242
717	717
717	1071
717	695
717	123
717	633
717	1486
717	1200
717	862
717	893
717	1292
717	368
717	909
717	286
717	193
717	1473
717	973
717	1378
717	157
717	1138
717	978
717	561
717	738
717	410
717	309
717	1396
717	627
717	1011
717	708
717	51
717	855
717	1236
717	547
717	273
717	859
717	1472
717	421
717	9
1306	1071
1306	695
1306	123
1306	633
1306	1486
1306	1200
1306	862
1306	893
1306	1292
1306	368
1306	909
1306	286
1306	193
1306	1473
1306	973
1306	1378
1306	157
1306	1138
1306	978
1306	561
1306	738
1306	410
1306	309
1306	1396
1306	627
1306	1011
1306	708
1306	51
1306	855
1306	1236
1306	547
1306	273
1306	859
1306	1472
1306	812
1306	147
1306	914
1306	420
1306	1306
1306	663
1306	613
1306	567
1306	684
1306	930
1306	1060
1306	1430
1306	117
1306	541
1306	237
1306	1326
1306	970
1306	1095
1306	894
1306	360
1306	1445
1306	438
1306	1356
1306	256
1306	125
1306	1446
1306	1050
1306	1283
1306	9
1263	1263
1263	179
817	817
549	549
1108	1108
522	522
522	186
522	425
522	1224
522	705
522	942
522	253
522	1410
522	845
522	54
522	38
522	44
532	226
532	1302
532	185
532	532
1256	327
1256	1256
379	379
405	405
203	203
535	535
1074	1074
276	174
276	276
276	924
1190	1190
911	911
911	711
974	974
774	236
774	774
774	1493
774	293
774	1033
305	601
305	910
305	581
305	1451
305	521
305	433
305	1453
305	419
305	462
305	1332
305	86
305	885
305	305
305	609
305	323
305	423
305	614
305	586
305	1364
305	605
305	262
305	422
305	1498
305	768
305	646
305	1353
305	401
305	642
305	946
305	594
554	754
554	554
554	295
554	797
554	85
1356	193
1356	1473
1356	973
1356	1378
1356	157
1356	1138
1356	978
1356	561
1356	738
1356	410
1356	309
1356	1396
1356	627
1356	1011
1356	708
1356	51
1356	855
1356	1236
1356	547
1356	273
1356	859
1356	1472
1356	812
1356	147
1356	914
1356	420
1356	1306
1356	663
1356	613
1356	567
1356	684
1356	930
1356	1060
1356	1430
1356	117
1356	541
1356	237
1356	1326
1356	970
1356	1095
1356	894
1356	360
1356	1445
1356	438
1356	1356
1356	256
1356	125
1356	1446
1356	1050
1356	1283
1356	1114
1356	1366
1356	9
266	266
432	1293
432	432
613	1071
613	695
613	123
613	633
613	1486
613	1200
613	862
613	893
613	1292
613	368
613	909
613	286
613	193
613	1473
613	973
613	1378
613	157
613	1138
613	978
613	561
613	738
613	410
613	309
613	1396
613	627
613	1011
613	708
613	51
613	855
613	1236
613	547
613	273
613	859
613	1472
613	421
613	812
613	147
613	914
613	420
613	1306
613	663
613	613
613	567
613	684
613	930
613	1060
613	1430
613	117
613	541
613	237
613	1326
613	970
613	1095
613	894
613	360
613	1445
613	438
613	1356
613	256
613	125
613	1446
613	1050
613	1283
613	1114
613	9
875	673
875	1232
875	1395
875	1428
875	875
875	499
875	416
875	358
875	1059
812	1071
812	695
812	123
812	633
812	1486
812	1200
812	862
812	893
812	1292
812	368
812	909
812	286
812	193
812	1473
812	973
812	1378
812	157
812	1138
812	978
812	561
812	738
812	410
812	309
812	1396
812	627
812	1011
812	708
812	51
812	855
812	1236
812	547
812	273
812	859
812	1472
812	812
812	147
812	914
812	420
812	1306
812	663
812	613
812	567
812	684
812	930
812	1060
812	1430
812	117
812	541
812	237
812	1326
812	970
812	1095
812	894
812	360
812	1445
812	438
812	1356
812	256
812	125
812	1446
812	1050
812	1283
812	9
970	695
970	123
970	633
970	1486
970	1200
970	862
970	893
970	1292
970	368
970	909
970	286
970	193
970	1473
970	973
970	1378
970	157
970	1138
970	978
970	561
970	738
970	410
970	309
970	1396
970	627
970	1011
970	708
970	51
970	855
970	1236
970	547
970	273
970	859
970	1472
970	812
970	147
970	914
970	420
970	1306
970	663
970	613
970	567
970	684
970	930
970	1060
970	1430
970	117
970	541
970	237
970	1326
970	970
970	1095
970	894
970	360
970	1445
970	438
970	1356
970	256
970	125
970	1446
970	1050
970	1283
970	1114
970	9
738	717
738	1071
738	695
738	123
738	633
738	1486
738	1200
738	862
738	893
738	1292
738	368
738	909
738	286
738	193
738	1473
738	973
738	1378
738	157
738	1138
738	978
738	561
738	738
738	410
738	309
738	1396
738	627
738	1011
738	708
738	51
738	855
738	1236
738	547
738	273
738	859
738	1472
738	421
738	812
738	147
738	914
738	420
738	1306
738	663
738	613
738	567
738	684
738	930
738	1060
738	1430
738	117
738	541
738	237
738	1326
738	970
738	1095
738	894
738	360
738	1445
738	438
738	1356
738	9
421	717
421	1071
421	695
421	123
421	633
421	1486
421	1200
421	862
421	893
421	1292
421	368
421	909
421	286
421	193
421	1473
421	973
421	1378
421	157
421	1138
421	978
421	561
421	738
421	410
421	309
421	1396
421	627
421	1011
421	708
421	51
421	855
421	1236
421	547
421	273
421	859
421	1472
421	421
421	147
421	420
421	613
421	930
421	1060
421	1430
421	117
421	237
421	1326
421	894
421	360
421	9
125	309
125	1396
125	627
125	1011
125	708
125	51
125	855
125	1236
125	547
125	273
125	859
125	1472
125	812
125	147
125	914
125	420
125	1306
125	663
125	613
125	567
125	684
125	930
125	1060
125	1430
125	117
125	541
125	237
125	1326
125	970
125	1095
125	894
125	360
125	1445
125	438
125	1356
125	256
125	125
125	1446
125	1050
125	1283
125	1114
125	1366
125	9
1236	717
1236	1071
1236	695
1236	123
1236	633
1236	1486
1236	1200
1236	862
1236	893
1236	1292
1236	368
1236	909
1236	286
1236	193
1236	1473
1236	973
1236	1378
1236	157
1236	1138
1236	978
1236	561
1236	738
1236	410
1236	309
1236	1396
1236	627
1236	1011
1236	708
1236	51
1236	855
1236	1236
1236	547
1236	273
1236	859
1236	1472
1236	421
1236	812
1236	147
1236	914
1236	420
1236	1306
1236	663
1236	613
1236	567
1236	684
1236	930
1236	1060
1236	1430
1236	117
1236	541
1236	237
1236	1326
1236	970
1236	1095
1236	894
1236	360
1236	1445
1236	438
1236	1356
1236	256
1236	125
1236	1446
1236	1050
1236	9
670	1375
670	1531
670	670
670	326
670	1001
868	888
868	111
868	868
868	887
868	1514
868	759
868	1257
909	717
909	1071
909	695
909	123
909	633
909	1486
909	1200
909	862
909	893
909	1292
909	368
909	909
909	286
909	193
909	1473
909	973
909	1378
909	157
909	1138
909	978
909	561
909	738
909	410
909	309
909	1396
909	627
909	1011
909	708
909	51
909	855
909	1236
909	547
909	273
909	859
909	1472
909	421
909	812
909	147
909	914
909	420
909	1306
909	663
909	613
909	567
909	684
909	930
909	1060
909	1430
909	117
909	541
909	237
909	1326
909	970
909	1095
909	894
909	360
909	1445
909	9
438	193
438	1473
438	973
438	1378
438	157
438	1138
438	978
438	561
438	738
438	410
438	309
438	1396
438	627
438	1011
438	708
438	51
438	855
438	1236
438	547
438	273
438	859
438	1472
438	812
438	147
438	914
438	420
438	1306
438	663
438	613
438	567
438	684
438	930
438	1060
438	1430
438	117
438	541
438	237
438	1326
438	970
438	1095
438	894
438	360
438	1445
438	438
438	1356
438	256
438	125
438	1446
438	1050
438	1283
438	1114
438	1366
438	9
51	717
51	1071
51	695
51	123
51	633
51	1486
51	1200
51	862
51	893
51	1292
51	368
51	909
51	286
51	193
51	1473
51	973
51	1378
51	157
51	1138
51	978
51	561
51	738
51	410
51	309
51	1396
51	627
51	1011
51	708
51	51
51	855
51	1236
51	547
51	273
51	859
51	1472
51	421
51	812
51	147
51	914
51	420
51	1306
51	663
51	613
51	567
51	684
51	930
51	1060
51	1430
51	117
51	541
51	237
51	1326
51	970
51	1095
51	894
51	360
51	1445
51	438
51	1356
51	256
51	125
51	1446
51	1050
51	9
147	1071
147	695
147	123
147	633
147	1486
147	1200
147	862
147	893
147	1292
147	368
147	909
147	286
147	193
147	1473
147	973
147	1378
147	157
147	1138
147	978
147	561
147	738
147	410
147	309
147	1396
147	627
147	1011
147	708
147	51
147	855
147	1236
147	547
147	273
147	859
147	1472
147	421
147	812
147	147
147	914
147	420
147	1306
147	663
147	613
147	567
147	684
147	930
147	1060
147	1430
147	117
147	541
147	237
147	1326
147	970
147	1095
147	894
147	360
147	1445
147	438
147	1356
147	256
147	125
147	1446
147	1050
147	1283
147	9
598	598
598	229
1445	893
1445	1292
1445	368
1445	909
1445	286
1445	193
1445	1473
1445	973
1445	1378
1445	157
1445	1138
1445	978
1445	561
1445	738
1445	410
1445	309
1445	1396
1445	627
1445	1011
1445	708
1445	51
1445	855
1445	1236
1445	547
1445	273
1445	859
1445	1472
1445	812
1445	147
1445	914
1445	420
1445	1306
1445	663
1445	613
1445	567
1445	684
1445	930
1445	1060
1445	1430
1445	117
1445	541
1445	237
1445	1326
1445	970
1445	1095
1445	894
1445	360
1445	1445
1445	438
1445	1356
1445	256
1445	125
1445	1446
1445	1050
1445	1283
1445	1114
1445	9
1011	717
1011	1071
1011	695
1011	123
1011	633
1011	1486
1011	1200
1011	862
1011	893
1011	1292
1011	368
1011	909
1011	286
1011	193
1011	1473
1011	973
1011	1378
1011	157
1011	1138
1011	978
1011	561
1011	738
1011	410
1011	309
1011	1396
1011	627
1011	1011
1011	708
1011	51
1011	855
1011	1236
1011	547
1011	273
1011	859
1011	1472
1011	421
1011	812
1011	147
1011	914
1011	420
1011	1306
1011	663
1011	613
1011	567
1011	684
1011	930
1011	1060
1011	1430
1011	117
1011	541
1011	237
1011	1326
1011	970
1011	1095
1011	894
1011	360
1011	1445
1011	438
1011	1356
1011	256
1011	125
1011	1446
1011	1050
1011	9
859	717
859	1071
859	695
859	123
859	633
859	1486
859	1200
859	862
859	893
859	1292
859	368
859	909
859	286
859	193
859	1473
859	973
859	1378
859	157
859	1138
859	978
859	561
859	738
859	410
859	309
859	1396
859	627
859	1011
859	708
859	51
859	855
859	1236
859	547
859	273
859	859
859	1472
859	421
859	812
859	147
859	914
859	420
859	1306
859	663
859	613
859	567
859	684
859	930
859	1060
859	1430
859	117
859	541
859	237
859	1326
859	970
859	1095
859	894
859	360
859	1445
859	438
859	1356
859	256
859	125
859	1446
859	1050
859	9
1486	717
1486	1071
1486	695
1486	123
1486	633
1486	1486
1486	1200
1486	862
1486	893
1486	1292
1486	368
1486	909
1486	286
1486	193
1486	1473
1486	973
1486	1378
1486	157
1486	1138
1486	978
1486	561
1486	738
1486	410
1486	309
1486	1396
1486	627
1486	1011
1486	708
1486	51
1486	855
1486	1236
1486	547
1486	273
1486	859
1486	1472
1486	421
1486	812
1486	147
1486	914
1486	420
1486	1306
1486	663
1486	613
1486	567
1486	684
1486	930
1486	1060
1486	1430
1486	117
1486	541
1486	237
1486	1326
1486	970
1486	1095
1486	894
1486	9
639	383
639	639
639	1075
639	1354
639	1212
639	658
639	1018
639	1148
639	1193
639	555
978	717
978	1071
978	695
978	123
978	633
978	1486
978	1200
978	862
978	893
978	1292
978	368
978	909
978	286
978	193
978	1473
978	973
978	1378
978	157
978	1138
978	978
978	561
978	738
978	410
978	309
978	1396
978	627
978	1011
978	708
978	51
978	855
978	1236
978	547
978	273
978	859
978	1472
978	421
978	812
978	147
978	914
978	420
978	1306
978	663
978	613
978	567
978	684
978	930
978	1060
978	1430
978	117
978	541
978	237
978	1326
978	970
978	1095
978	894
978	360
978	1445
978	438
978	1356
978	9
783	1509
783	654
783	783
684	1071
684	695
684	123
684	633
684	1486
684	1200
684	862
684	893
684	1292
684	368
684	909
684	286
684	193
684	1473
684	973
684	1378
684	157
684	1138
684	978
684	561
684	738
684	410
684	309
684	1396
684	627
684	1011
684	708
684	51
684	855
684	1236
684	547
684	273
684	859
684	1472
684	812
684	147
684	914
684	420
684	1306
684	663
684	613
684	567
684	684
684	930
684	1060
684	1430
684	117
684	541
684	237
684	1326
684	970
684	1095
684	894
684	360
684	1445
684	438
684	1356
684	256
684	125
684	1446
684	1050
684	1283
684	1114
684	9
1395	673
1395	1232
1395	1395
1395	1428
1395	875
1395	499
1395	416
1395	358
1395	1059
117	695
117	123
117	633
117	1486
117	1200
117	862
117	893
117	1292
117	368
117	909
117	286
117	193
117	1473
117	973
117	1378
117	157
117	1138
117	978
117	561
117	738
117	410
117	309
117	1396
117	627
117	1011
117	708
117	51
117	855
117	1236
117	547
117	273
117	859
117	1472
117	421
117	812
117	147
117	914
117	420
117	1306
117	663
117	613
117	567
117	684
117	930
117	1060
117	1430
117	117
117	541
117	237
117	1326
117	970
117	1095
117	894
117	360
117	1445
117	438
117	1356
117	256
117	125
117	1446
117	1050
117	1283
117	1114
117	9
1463	243
1463	177
1463	22
1463	1225
1463	714
1463	1120
1463	865
1463	1463
1239	295
1239	1239
1239	243
1239	177
1239	1225
1239	714
910	1279
910	1033
910	484
910	1104
910	779
910	1454
910	315
910	601
910	1164
910	590
910	903
910	910
910	581
910	1451
910	96
910	531
910	1182
910	521
910	433
910	1453
910	419
910	462
910	1332
910	86
910	885
910	305
910	609
910	323
910	423
910	614
910	586
605	96
605	531
605	1182
605	521
605	433
605	1453
605	419
605	462
605	1332
605	86
605	885
605	305
605	609
605	323
605	423
605	614
605	586
605	1364
605	605
605	262
605	422
605	1498
605	768
605	646
605	1353
605	594
605	831
605	24
768	419
768	462
768	1332
768	86
768	885
768	305
768	609
768	323
768	423
768	614
768	586
768	1364
768	605
768	262
768	422
768	1498
768	768
768	646
768	1353
768	401
768	642
768	946
768	594
768	831
768	24
410	717
410	1071
410	695
410	123
410	633
410	1486
410	1200
410	862
410	893
410	1292
410	368
410	909
410	286
410	193
410	1473
410	973
410	1378
410	157
410	1138
410	978
410	561
410	738
410	410
410	309
410	1396
410	627
410	1011
410	708
410	51
410	855
410	1236
410	547
410	273
410	859
410	1472
410	421
410	812
410	147
410	914
410	420
410	1306
410	663
410	613
410	567
410	684
410	930
410	1060
410	1430
410	117
410	541
410	237
410	1326
410	970
410	1095
410	894
410	360
410	1445
410	438
410	1356
410	9
257	257
519	85
519	22
519	519
914	1071
914	695
914	123
914	633
914	1486
914	1200
914	862
914	893
914	1292
914	368
914	909
914	286
914	193
914	1473
914	973
914	1378
914	157
914	1138
914	978
914	561
914	738
914	410
914	309
914	1396
914	627
914	1011
914	708
914	51
914	855
914	1236
914	547
914	273
914	859
914	1472
914	812
914	147
914	914
914	420
914	1306
914	663
914	613
914	567
914	684
914	930
914	1060
914	1430
914	117
914	541
914	237
914	1326
914	970
914	1095
914	894
914	360
914	1445
914	438
914	1356
914	256
914	125
914	1446
914	1050
914	1283
914	9
761	104
761	927
761	1040
761	277
761	342
761	465
761	807
761	761
761	1008
761	1494
761	935
761	228
761	1349
761	281
761	632
761	1328
761	171
761	1088
761	151
761	748
761	1228
761	763
761	1215
761	945
761	50
761	349
761	19
485	392
485	1098
485	104
485	927
485	485
485	1040
485	277
485	342
485	465
485	807
485	1008
485	1494
485	935
485	228
485	1349
485	281
485	1328
1349	927
1349	485
1349	1040
1349	277
1349	342
1349	465
1349	807
1349	761
1349	1008
1349	1494
1349	935
1349	228
1349	1349
1349	281
1349	632
1349	1328
1349	1362
1349	171
1349	1088
1349	151
1349	748
1349	1228
1349	763
1349	1215
1349	945
1349	50
1349	349
1349	19
1349	1126
1349	141
1349	921
1349	661
1349	1025
349	807
349	761
349	1008
349	1494
349	935
349	228
349	1349
349	281
349	632
349	1328
349	1362
349	171
349	1088
349	151
349	748
349	1228
349	763
349	1215
349	945
349	50
349	349
349	19
349	1126
349	141
349	921
349	661
349	1025
349	430
273	717
273	1071
273	695
273	123
273	633
273	1486
273	1200
273	862
273	893
273	1292
273	368
273	909
273	286
273	193
273	1473
273	973
273	1378
273	157
273	1138
273	978
273	561
273	738
273	410
273	309
273	1396
273	627
273	1011
273	708
273	51
273	855
273	1236
273	547
273	273
273	859
273	1472
273	421
273	812
273	147
273	914
273	420
273	1306
273	663
273	613
273	567
273	684
273	930
273	1060
273	1430
273	117
273	541
273	237
273	1326
273	970
273	1095
273	894
273	360
273	1445
273	438
273	1356
273	256
273	125
273	1446
273	1050
273	9
1050	309
1050	1396
1050	627
1050	1011
1050	708
1050	51
1050	855
1050	1236
1050	547
1050	273
1050	859
1050	1472
1050	812
1050	147
1050	914
1050	420
1050	1306
1050	663
1050	613
1050	567
1050	684
1050	930
1050	1060
1050	1430
1050	117
1050	541
1050	237
1050	1326
1050	970
1050	1095
1050	894
1050	360
1050	1445
1050	438
1050	1356
1050	256
1050	125
1050	1446
1050	1050
1050	1283
1050	1114
1050	1366
654	1509
654	654
654	783
243	1239
243	85
243	243
243	177
243	22
243	714
243	1120
243	865
243	1463
90	787
90	90
90	1272
787	787
787	90
787	1272
354	1279
354	1033
354	1411
354	484
354	1104
354	779
354	1454
354	354
354	315
354	1397
354	1164
354	590
354	903
354	843
354	1243
354	346
354	96
354	531
354	1182
354	1416
354	244
354	433
354	736
354	908
354	889
1472	717
1472	1071
1472	695
1472	123
1472	633
1472	1486
1472	1200
1472	862
1472	893
1472	1292
1472	368
1472	909
1472	286
1472	193
1472	1473
1472	973
1472	1378
1472	157
1472	1138
1472	978
1472	561
1472	738
1472	410
1472	309
1472	1396
1472	627
1472	1011
1472	708
1472	51
1472	855
1472	1236
1472	547
1472	273
1472	859
1472	1472
1472	421
1472	812
1472	147
1472	914
1472	420
1472	1306
1472	663
1472	613
1472	567
1472	684
1472	930
1472	1060
1472	1430
1472	117
1472	541
1472	237
1472	1326
1472	970
1472	1095
1472	894
1472	360
1472	1445
1472	438
1472	1356
1472	256
1472	125
1472	1446
1472	1050
1472	1283
1472	9
1012	1012
262	96
262	531
262	1182
262	521
262	433
262	1453
262	419
262	462
262	1332
262	86
262	885
262	305
262	609
262	323
262	423
262	614
262	586
262	1364
262	605
262	262
262	422
262	1498
262	768
262	646
262	1353
262	594
262	831
262	24
145	145
1268	749
1268	1268
531	1033
531	1411
531	484
531	1104
531	779
531	1454
531	354
531	315
531	1397
531	601
531	1164
531	590
531	903
531	843
531	1243
531	910
531	581
531	1451
531	96
531	531
531	1182
531	521
531	1416
531	433
531	736
531	419
531	908
531	462
531	1332
531	86
531	885
531	889
531	323
531	614
531	586
531	1364
531	605
531	262
35	35
526	526
616	616
1258	1258
365	365
725	725
465	104
465	927
465	485
465	1040
465	277
465	342
465	465
465	807
465	761
465	1008
465	1494
465	935
465	228
465	1349
465	281
465	632
465	1328
465	1362
465	151
465	748
465	1228
465	1215
465	945
465	50
448	796
448	448
448	662
951	951
951	1241
509	509
1265	1265
703	703
1292	717
1292	1071
1292	695
1292	123
1292	633
1292	1486
1292	1200
1292	862
1292	893
1292	1292
1292	368
1292	909
1292	286
1292	193
1292	1473
1292	973
1292	1378
1292	157
1292	1138
1292	978
1292	561
1292	738
1292	410
1292	309
1292	1396
1292	627
1292	1011
1292	708
1292	51
1292	855
1292	1236
1292	547
1292	273
1292	859
1292	1472
1292	421
1292	812
1292	147
1292	914
1292	420
1292	1306
1292	663
1292	613
1292	567
1292	684
1292	930
1292	1060
1292	1430
1292	117
1292	541
1292	237
1292	1326
1292	970
1292	1095
1292	894
1292	360
1292	1445
1292	9
1173	1173
1475	1475
1488	1488
244	1411
244	354
244	1397
244	843
244	1243
244	346
244	1416
244	244
244	736
244	908
244	889
244	181
244	997
24	1364
24	605
24	262
24	1498
24	768
24	377
24	45
24	831
24	24
581	1279
581	1033
581	484
581	1104
581	779
581	1454
581	315
581	601
581	1164
581	590
581	903
581	910
581	581
581	1451
581	96
581	531
581	1182
581	521
581	433
581	1453
581	419
581	462
581	1332
581	86
581	885
581	305
581	609
581	323
581	423
581	614
581	586
1374	1374
194	194
826	826
1362	277
1362	342
1362	465
1362	807
1362	1008
1362	1494
1362	935
1362	228
1362	1349
1362	281
1362	1328
1362	1362
1362	151
1362	748
1362	1228
1362	1215
1362	945
1362	349
1362	19
1362	1126
1362	141
1362	921
1362	661
1362	1025
277	392
277	1098
277	104
277	927
277	485
277	1040
277	277
277	342
277	465
277	807
277	761
277	1008
277	1494
277	935
277	228
277	1349
277	281
277	632
277	1328
277	1362
19	807
19	761
19	1008
19	1494
19	935
19	228
19	1349
19	281
19	632
19	1328
19	1362
19	171
19	151
19	748
19	1228
19	763
19	1215
19	945
19	50
19	349
19	19
19	1126
19	141
19	921
19	661
19	1025
19	430
281	927
281	485
281	1040
281	277
281	342
281	465
281	807
281	761
281	1008
281	1494
281	935
281	228
281	1349
281	281
281	632
281	1328
281	1362
281	171
281	1088
281	151
281	748
281	1228
281	763
281	1215
281	945
281	50
281	349
281	19
281	1126
281	141
281	921
281	661
281	1025
1215	465
1215	807
1215	761
1215	1008
1215	1494
1215	935
1215	228
1215	1349
1215	281
1215	632
1215	1328
1215	1362
1215	151
1215	748
1215	1228
1215	1215
1215	945
1215	50
1215	349
1215	19
1215	1126
1215	141
1215	921
1215	661
1215	1025
1215	430
872	872
1040	392
1040	1098
1040	104
1040	927
1040	485
1040	1040
1040	277
1040	342
1040	465
1040	807
1040	761
1040	1008
1040	1494
1040	935
1040	228
1040	1349
1040	281
1040	632
1040	1328
226	226
226	1302
226	185
226	532
685	685
453	453
981	981
53	908
53	889
53	181
53	997
53	1087
53	377
53	53
53	197
53	40
53	165
53	1459
53	45
53	1514
1332	484
1332	1104
1332	779
1332	1454
1332	315
1332	601
1332	1164
1332	590
1332	903
1332	910
1332	581
1332	1451
1332	96
1332	531
1332	1182
1332	521
1332	433
1332	1453
1332	419
1332	462
1332	1332
1332	86
1332	885
1332	305
1332	609
1332	323
1332	423
1332	614
1332	586
1332	1364
1332	605
1332	262
1332	422
1332	1498
1332	768
1332	646
1332	1353
614	315
614	601
614	1164
614	590
614	903
614	910
614	581
614	1451
614	96
614	531
614	1182
614	521
614	433
614	1453
614	419
614	462
614	1332
614	86
614	885
614	305
614	609
614	323
614	423
614	614
614	586
614	1364
614	605
614	262
614	422
614	1498
614	768
614	646
614	1353
614	594
614	831
240	240
240	1403
240	569
1138	717
1138	1071
1138	695
1138	123
1138	633
1138	1486
1138	1200
1138	862
1138	893
1138	1292
1138	368
1138	909
1138	286
1138	193
1138	1473
1138	973
1138	1378
1138	157
1138	1138
1138	978
1138	561
1138	738
1138	410
1138	309
1138	1396
1138	627
1138	1011
1138	708
1138	51
1138	855
1138	1236
1138	547
1138	273
1138	859
1138	1472
1138	421
1138	812
1138	147
1138	914
1138	420
1138	1306
1138	663
1138	613
1138	567
1138	684
1138	930
1138	1060
1138	1430
1138	117
1138	541
1138	237
1138	1326
1138	970
1138	1095
1138	894
1138	360
1138	1445
1138	438
1138	1356
1138	9
451	451
1243	1279
1243	1033
1243	1411
1243	484
1243	1104
1243	779
1243	1454
1243	354
1243	315
1243	1397
1243	1164
1243	590
1243	903
1243	843
1243	1243
1243	346
1243	96
1243	531
1243	1182
1243	1416
1243	244
1243	736
1243	908
1243	889
1243	181
1243	997
362	362
1126	1494
1126	935
1126	228
1126	1349
1126	281
1126	1328
1126	1362
1126	151
1126	748
1126	1228
1126	1215
1126	945
1126	50
1126	349
1126	19
1126	1126
1126	141
1126	921
1126	661
1126	1025
1126	430
390	390
992	821
992	1217
992	1042
992	1235
992	769
992	849
992	992
563	563
1103	1103
847	847
336	336
12	12
230	230
495	495
307	307
95	95
1372	1372
274	274
395	395
998	998
983	983
691	691
969	969
1419	1419
918	918
140	140
184	184
184	130
989	989
1157	1157
1441	1441
312	312
180	180
595	595
56	56
1184	1184
71	71
333	333
115	115
7	7
1468	1468
1468	1046
1468	617
1468	81
874	634
874	539
874	270
874	874
343	343
68	68
1489	1489
1115	1115
153	153
1003	1003
1187	486
1187	882
1187	1187
1187	722
1187	424
1187	801
1187	1049
1524	63
1524	1524
1207	461
1207	1278
1207	1
1207	1207
1207	1476
1207	1109
1207	1280
63	63
63	1524
1133	1133
238	238
238	735
238	515
89	1386
89	89
597	597
1058	1058
1340	1340
778	778
1110	1110
1110	579
1110	1227
1153	1153
420	1071
420	695
420	123
420	633
420	1486
420	1200
420	862
420	893
420	1292
420	368
420	909
420	286
420	193
420	1473
420	973
420	1378
420	157
420	1138
420	978
420	561
420	738
420	410
420	309
420	1396
420	627
420	1011
420	708
420	51
420	855
420	1236
420	547
420	273
420	859
420	1472
420	421
420	812
420	147
420	914
420	420
420	1306
420	663
420	613
420	567
420	684
420	930
420	1060
420	1430
420	117
420	541
420	237
420	1326
420	970
420	1095
420	894
420	360
420	1445
420	438
420	1356
420	256
420	125
420	1446
420	1050
420	1283
420	9
561	717
561	1071
561	695
561	123
561	633
561	1486
561	1200
561	862
561	893
561	1292
561	368
561	909
561	286
561	193
561	1473
561	973
561	1378
561	157
561	1138
561	978
561	561
561	738
561	410
561	309
561	1396
561	627
561	1011
561	708
561	51
561	855
561	1236
561	547
561	273
561	859
561	1472
561	421
561	812
561	147
561	914
561	420
561	1306
561	663
561	613
561	567
561	684
561	930
561	1060
561	1430
561	117
561	541
561	237
561	1326
561	970
561	1095
561	894
561	360
561	1445
561	438
561	1356
561	9
960	960
960	890
960	541
815	815
39	39
1080	1080
929	929
109	109
891	891
214	214
808	808
81	1468
81	1046
81	617
81	81
601	1279
601	1033
601	484
601	1104
601	779
601	1454
601	315
601	601
601	1164
601	590
601	903
601	910
601	581
601	1451
601	96
601	531
601	1182
601	521
601	433
601	1453
601	419
601	462
601	1332
601	86
601	885
601	305
601	609
601	323
601	423
601	614
332	1073
332	332
37	320
37	1455
37	1162
37	122
37	571
37	37
37	999
37	339
37	357
37	1279
43	43
878	878
387	387
130	184
130	130
1303	142
1303	204
1303	645
1303	1303
1026	422
1026	646
1026	401
1026	642
1026	946
1026	594
1026	1026
1026	1029
1026	224
1026	957
1026	881
950	950
1528	1528
423	601
423	910
423	581
423	1451
423	521
423	433
423	1453
423	419
423	462
423	1332
423	86
423	885
423	305
423	609
423	323
423	423
423	614
423	586
423	1364
423	605
423	262
423	422
423	1498
423	768
423	646
423	1353
423	401
423	642
423	946
423	594
423	831
253	522
253	186
253	425
253	1224
253	705
253	942
253	253
253	1410
253	845
253	54
253	1054
253	38
253	44
586	1164
586	590
586	903
586	910
586	581
586	1451
586	96
586	531
586	1182
586	521
586	433
586	1453
586	419
586	462
586	1332
586	86
586	885
586	305
586	609
586	323
586	423
586	614
586	586
586	1364
586	605
586	262
586	422
586	1498
586	768
586	646
586	1353
586	594
586	831
1390	1431
1390	1390
1390	1082
1354	383
1354	639
1354	1075
1354	1354
1354	1212
1354	658
1354	1018
1354	1148
1354	1193
1354	542
1354	555
833	833
833	1431
430	151
430	1215
430	349
430	19
430	1126
430	141
430	921
430	661
430	430
1098	392
1098	1098
1098	104
1098	927
1098	485
1098	1040
1098	277
1098	342
1237	1237
1114	663
1114	613
1114	567
1114	684
1114	930
1114	1060
1114	1430
1114	117
1114	541
1114	237
1114	1326
1114	970
1114	1095
1114	894
1114	360
1114	1445
1114	438
1114	1356
1114	256
1114	125
1114	1446
1114	1050
1114	1283
1114	1114
1114	754
858	1482
858	858
1482	1482
1482	858
846	846
537	537
1225	1239
1225	1225
1225	1463
1353	419
1353	462
1353	1332
1353	86
1353	885
1353	305
1353	609
1353	323
1353	423
1353	614
1353	586
1353	1364
1353	605
1353	262
1353	422
1353	1498
1353	768
1353	646
1353	1353
1353	401
1353	642
1353	946
1353	594
1353	831
566	566
1188	1188
1188	452
1188	618
1188	630
237	695
237	123
237	633
237	1486
237	1200
237	862
237	893
237	1292
237	368
237	909
237	286
237	193
237	1473
237	973
237	1378
237	157
237	1138
237	978
237	561
237	738
237	410
237	309
237	1396
237	627
237	1011
237	708
237	51
237	855
237	1236
237	547
237	273
237	859
237	1472
237	421
237	812
237	147
237	914
237	420
237	1306
237	663
237	613
237	567
237	684
237	930
237	1060
237	1430
237	117
237	541
237	237
237	1326
237	970
237	1095
237	894
237	360
237	1445
237	438
237	1356
237	256
237	125
237	1446
237	1050
237	1283
237	1114
237	9
1241	951
1241	1241
567	1071
567	695
567	123
567	633
567	1486
567	1200
567	862
567	893
567	1292
567	368
567	909
567	286
567	193
567	1473
567	973
567	1378
567	157
567	1138
567	978
567	561
567	738
567	410
567	309
567	1396
567	627
567	1011
567	708
567	51
567	855
567	1236
567	547
567	273
567	859
567	1472
567	812
567	147
567	914
567	420
567	1306
567	663
567	613
567	567
567	684
567	930
567	1060
567	1430
567	117
567	541
567	237
567	1326
567	970
567	1095
567	894
567	360
567	1445
567	438
567	1356
567	256
567	125
567	1446
567	1050
567	1283
567	1114
567	9
47	47
47	634
47	539
47	270
575	575
1401	1401
1401	651
1401	478
687	687
255	830
255	255
255	585
1416	1033
1416	1411
1416	1104
1416	1454
1416	354
1416	315
1416	1397
1416	843
1416	1243
1416	346
1416	96
1416	531
1416	1182
1416	1416
1416	244
1416	736
1416	908
1416	889
1416	181
1416	997
642	305
642	609
642	323
642	423
642	422
642	1498
642	768
642	646
642	1353
642	401
642	642
642	946
642	594
642	1026
642	1029
642	224
1212	383
1212	639
1212	1075
1212	1354
1212	1212
1212	658
1212	1018
1212	1193
1212	542
1212	33
1212	555
1148	639
1148	1075
1148	1354
1148	658
1148	1018
1148	1148
1148	1193
1148	542
1148	33
1148	954
1148	220
1148	555
1165	359
1165	1165
1502	1502
1264	1264
1392	1392
1073	1073
1073	332
10	10
819	819
1139	1139
1139	1151
1139	320
1139	1455
1139	1162
1139	122
1139	571
460	460
258	100
258	258
258	702
358	673
358	1232
358	1395
358	1428
358	875
358	499
358	416
358	358
358	1059
107	171
107	107
107	1088
107	763
1429	835
1429	454
1429	1429
497	497
462	484
462	1104
462	779
462	1454
462	315
462	601
462	1164
462	590
462	903
462	910
462	581
462	1451
462	96
462	531
462	1182
462	521
462	433
462	1453
462	419
462	462
462	1332
462	86
462	885
462	305
462	609
462	323
462	423
462	614
462	586
462	1364
462	605
462	262
462	422
462	1498
462	768
462	646
462	1353
1168	1168
331	557
331	331
331	1143
377	908
377	889
377	181
377	997
377	1087
377	377
377	53
377	197
377	40
377	165
377	1459
377	45
377	24
359	359
359	1165
775	775
775	392
1335	1335
1262	1262
994	994
658	639
658	1075
658	1354
658	1212
658	658
658	1018
658	1148
658	1193
658	542
658	33
658	954
658	220
658	555
454	835
454	454
454	1429
1391	1391
1391	181
1391	997
1493	236
1493	774
1493	1493
1493	293
1493	1033
1278	164
1278	275
1278	162
1278	148
1278	1066
1278	461
1278	1278
1278	1
1278	1207
1278	1476
1278	1109
1278	1280
399	399
78	78
785	785
369	369
1287	1124
1287	1287
1287	402
1287	218
1287	900
1287	744
1287	52
726	726
82	82
82	606
682	682
118	118
118	124
171	342
171	807
171	761
171	935
171	1349
171	281
171	632
171	171
171	107
171	1088
171	748
171	1228
171	763
171	945
171	50
171	349
171	19
171	1025
1328	927
1328	485
1328	1040
1328	277
1328	342
1328	465
1328	807
1328	761
1328	1008
1328	1494
1328	935
1328	228
1328	1349
1328	281
1328	632
1328	1328
1328	1362
1328	151
1328	748
1328	1228
1328	1215
1328	945
1328	50
1328	349
1328	19
1328	1126
1328	141
1328	921
1328	661
1328	1025
632	927
632	1040
632	277
632	342
632	465
632	807
632	761
632	1494
632	935
632	228
632	1349
632	281
632	632
632	1328
632	171
632	1088
632	151
632	748
632	1228
632	763
632	1215
632	945
632	50
632	349
632	19
632	921
632	1025
1023	1023
220	658
220	1018
220	1148
220	1193
220	542
220	33
220	954
220	220
220	555
1018	639
1018	1075
1018	1354
1018	1212
1018	658
1018	1018
1018	1148
1018	1193
1018	542
1018	33
1018	954
1018	220
1018	555
987	987
1426	1388
1426	1426
1426	784
1210	1210
1210	1186
1210	1466
919	919
919	449
424	486
424	882
424	1187
424	722
424	424
424	801
424	1049
197	908
197	889
197	181
197	997
197	1087
197	377
197	53
197	197
197	40
197	165
197	1459
197	45
197	1514
807	104
807	927
807	485
807	1040
807	277
807	342
807	465
807	807
807	761
807	1008
807	1494
807	935
807	228
807	1349
807	281
807	632
807	1328
807	1362
807	171
807	1088
807	151
807	748
807	1228
807	763
807	1215
807	945
807	50
807	349
807	19
1008	104
1008	927
1008	485
1008	1040
1008	277
1008	342
1008	465
1008	807
1008	761
1008	1008
1008	1494
1008	935
1008	228
1008	1349
1008	281
1008	1328
1008	1362
1008	151
1008	748
1008	1228
1008	1215
1008	945
1008	50
1008	349
1008	19
921	935
921	228
921	1349
921	281
921	632
921	1328
921	1362
921	151
921	748
921	1228
921	1215
921	945
921	50
921	349
921	19
921	1126
921	141
921	921
921	661
921	1025
921	430
1446	309
1446	1396
1446	627
1446	1011
1446	708
1446	51
1446	855
1446	1236
1446	547
1446	273
1446	859
1446	1472
1446	812
1446	147
1446	914
1446	420
1446	1306
1446	663
1446	613
1446	567
1446	684
1446	930
1446	1060
1446	1430
1446	117
1446	541
1446	237
1446	1326
1446	970
1446	1095
1446	894
1446	360
1446	1445
1446	438
1446	1356
1446	256
1446	125
1446	1446
1446	1050
1446	1283
1446	1114
1446	1366
1446	9
1514	53
1514	197
1514	40
1514	165
1514	868
1514	887
1514	1459
1514	1514
1514	759
1514	1257
1514	164
1514	275
1514	162
1280	1278
1280	1
1280	1207
1280	1476
1280	1109
1280	1280
275	1514
275	759
275	164
275	275
275	162
275	5
275	148
275	1066
275	461
275	1278
275	1
86	484
86	1104
86	779
86	1454
86	315
86	601
86	1164
86	590
86	903
86	910
86	581
86	1451
86	96
86	531
86	1182
86	521
86	433
86	1453
86	419
86	462
86	1332
86	86
86	885
86	305
86	609
86	323
86	423
86	614
86	586
86	1364
86	605
86	262
86	422
86	1498
86	768
86	646
86	1353
946	305
946	609
946	323
946	423
946	422
946	1498
946	768
946	646
946	1353
946	401
946	642
946	946
946	594
946	1026
946	1029
946	224
11	11
11	1172
11	502
1333	1333
904	904
1444	1444
871	871
1014	1014
1499	1499
728	728
546	546
920	920
1350	1350
401	305
401	609
401	323
401	423
401	422
401	1498
401	768
401	646
401	1353
401	401
401	642
401	946
401	594
401	1026
401	1029
401	224
143	143
693	693
693	704
419	484
419	1104
419	779
419	1454
419	315
419	601
419	1164
419	590
419	903
419	910
419	581
419	1451
419	96
419	531
419	1182
419	521
419	433
419	1453
419	419
419	462
419	1332
419	86
419	885
419	305
419	609
419	323
419	423
419	614
419	586
419	1364
419	605
419	262
419	422
419	1498
419	768
419	646
419	1353
148	164
148	275
148	162
148	5
148	148
148	1066
148	461
148	1278
148	1
1364	1451
1364	96
1364	531
1364	1182
1364	521
1364	433
1364	1453
1364	419
1364	462
1364	1332
1364	86
1364	885
1364	305
1364	609
1364	323
1364	423
1364	614
1364	586
1364	1364
1364	605
1364	262
1364	422
1364	1498
1364	768
1364	646
1364	1353
1364	594
1364	831
1364	24
1238	1238
1158	1158
1439	1439
1191	1191
1191	947
1222	1222
796	796
796	448
796	662
606	82
606	606
229	598
229	229
14	543
14	444
14	938
14	14
715	1346
715	715
715	1519
1361	1399
1361	1361
634	47
634	634
634	539
634	270
634	874
862	717
862	1071
862	695
862	123
862	633
862	1486
862	1200
862	862
862	893
862	1292
862	368
862	909
862	286
862	193
862	1473
862	973
862	1378
862	157
862	1138
862	978
862	561
862	738
862	410
862	309
862	1396
862	627
862	1011
862	708
862	51
862	855
862	1236
862	547
862	273
862	859
862	1472
862	421
862	812
862	147
862	914
862	420
862	1306
862	663
862	613
862	567
862	684
862	930
862	1060
862	1430
862	117
862	541
862	237
862	1326
862	970
862	1095
862	894
862	360
862	9
749	749
749	1268
1290	213
1290	851
1290	652
1290	1290
1290	505
1290	1327
927	392
927	1098
927	104
927	927
927	485
927	1040
927	277
927	342
927	465
927	807
927	761
927	1008
927	1494
927	935
927	228
927	1349
927	281
927	632
927	1328
1509	1509
1509	654
1509	783
1283	1472
1283	812
1283	147
1283	914
1283	420
1283	1306
1283	663
1283	613
1283	567
1283	684
1283	930
1283	1060
1283	1430
1283	117
1283	541
1283	237
1283	1326
1283	970
1283	1095
1283	894
1283	360
1283	1445
1283	438
1283	1356
1283	256
1283	125
1283	1446
1283	1050
1283	1283
1283	1114
1283	1366
954	658
954	1018
954	1148
954	1193
954	542
954	33
954	954
954	220
954	555
677	677
894	123
894	633
894	1486
894	1200
894	862
894	893
894	1292
894	368
894	909
894	286
894	193
894	1473
894	973
894	1378
894	157
894	1138
894	978
894	561
894	738
894	410
894	309
894	1396
894	627
894	1011
894	708
894	51
894	855
894	1236
894	547
894	273
894	859
894	1472
894	421
894	812
894	147
894	914
894	420
894	1306
894	663
894	613
894	567
894	684
894	930
894	1060
894	1430
894	117
894	237
894	1326
894	970
894	1095
894	894
894	360
894	1445
894	438
894	1356
894	256
894	125
894	1446
894	1050
894	1283
894	1114
894	9
963	963
963	450
963	672
963	28
963	1246
174	174
174	276
174	924
1004	1004
578	578
578	133
232	232
1430	695
1430	123
1430	633
1430	1486
1430	1200
1430	862
1430	893
1430	1292
1430	368
1430	909
1430	286
1430	193
1430	1473
1430	973
1430	1378
1430	157
1430	1138
1430	978
1430	561
1430	738
1430	410
1430	309
1430	1396
1430	627
1430	1011
1430	708
1430	51
1430	855
1430	1236
1430	547
1430	273
1430	859
1430	1472
1430	421
1430	812
1430	147
1430	914
1430	420
1430	1306
1430	663
1430	613
1430	567
1430	684
1430	930
1430	1060
1430	1430
1430	117
1430	541
1430	237
1430	1326
1430	970
1430	1095
1430	894
1430	360
1430	1445
1430	438
1430	1356
1430	256
1430	125
1430	1446
1430	1050
1430	1283
1430	1114
1430	9
849	821
849	1217
849	1042
849	1235
849	769
849	849
849	992
1002	1002
304	304
1327	213
1327	851
1327	652
1327	1290
1327	505
1327	1327
542	1354
542	1212
542	658
542	1018
542	1148
542	1193
542	542
542	33
542	954
542	220
542	555
617	1468
617	1046
617	617
617	81
786	786
938	543
938	444
938	938
938	14
958	958
1167	1167
931	931
596	596
893	717
893	1071
893	695
893	123
893	633
893	1486
893	1200
893	862
893	893
893	1292
893	368
893	909
893	286
893	193
893	1473
893	973
893	1378
893	157
893	1138
893	978
893	561
893	738
893	410
893	309
893	1396
893	627
893	1011
893	708
893	51
893	855
893	1236
893	547
893	273
893	859
893	1472
893	421
893	812
893	147
893	914
893	420
893	1306
893	663
893	613
893	567
893	684
893	930
893	1060
893	1430
893	117
893	541
893	237
893	1326
893	970
893	1095
893	894
893	360
893	1445
893	9
624	624
1136	1136
902	902
936	936
1427	1427
1204	1204
198	198
1219	1219
444	543
444	444
444	938
444	14
548	548
516	516
1466	1210
1466	1186
1466	1466
1203	1203
895	1387
895	895
415	415
4	4
259	259
1275	1275
131	131
733	733
235	235
1189	1189
553	553
155	155
1415	1415
686	686
346	1411
346	354
346	1397
346	843
346	1243
346	346
346	1416
346	244
346	736
346	908
346	889
346	181
346	997
1179	1179
1293	1293
1293	432
1010	1284
1010	1010
1459	181
1459	997
1459	1087
1459	377
1459	53
1459	197
1459	40
1459	165
1459	1459
1459	45
1459	1514
1459	759
940	940
940	984
940	916
805	1484
805	805
805	211
210	210
136	136
1506	1506
1506	772
928	928
928	1358
928	825
928	398
928	487
984	940
984	984
984	916
1436	1436
997	1243
997	346
997	1391
997	1416
997	244
997	908
997	889
997	181
997	997
997	1087
997	377
997	53
997	197
997	40
997	165
997	1459
997	45
149	149
149	985
149	1388
149	784
204	142
204	204
204	645
204	1303
388	388
388	280
848	848
91	91
802	802
979	979
560	560
429	429
446	446
1075	383
1075	639
1075	1075
1075	1354
1075	1212
1075	658
1075	1018
1075	1148
1075	1193
1075	555
1067	1067
1367	1367
1388	149
1388	985
1388	1388
1388	1426
1388	784
383	383
383	639
383	1075
383	1354
383	1212
1099	1099
250	250
1244	1244
1244	409
1244	941
1518	1518
142	142
142	204
142	645
142	1303
525	525
751	751
644	644
1281	1281
1224	522
1224	186
1224	425
1224	1224
1224	705
1224	942
1224	253
1224	1410
1224	845
1224	54
1224	1054
1224	38
1224	44
900	1124
900	1287
900	402
900	218
900	900
900	744
900	52
716	716
1130	1130
758	758
1314	1314
1039	1039
60	60
652	213
652	851
652	652
652	1290
652	505
652	1327
357	320
357	1455
357	1162
357	122
357	571
357	37
357	999
357	339
357	357
357	1279
1311	1311
1082	1431
1082	1390
1082	1082
23	23
490	490
838	838
30	30
635	635
508	508
191	191
599	599
463	463
3	1177
3	483
3	3
124	118
124	124
877	877
538	538
1178	1178
876	876
1400	1400
512	512
1363	1363
213	213
213	851
213	652
213	1290
213	505
213	1327
1107	1107
1410	522
1410	186
1410	425
1410	1224
1410	705
1410	942
1410	253
1410	1410
1410	845
1410	54
1410	1054
1410	38
1410	44
1431	833
1431	1431
1431	1390
1431	1082
1144	704
1144	1144
1319	1319
930	695
930	123
930	633
930	1486
930	1200
930	862
930	893
930	1292
930	368
930	909
930	286
930	193
930	1473
930	973
930	1378
930	157
930	1138
930	978
930	561
930	738
930	410
930	309
930	1396
930	627
930	1011
930	708
930	51
930	855
930	1236
930	547
930	273
930	859
930	1472
930	421
930	812
930	147
930	914
930	420
930	1306
930	663
930	613
930	567
930	684
930	930
930	1060
930	1430
930	117
930	541
930	237
930	1326
930	970
930	1095
930	894
930	360
930	1445
930	438
930	1356
930	256
930	125
930	1446
930	1050
930	1283
930	1114
930	9
539	47
539	634
539	539
539	270
539	874
722	486
722	882
722	1187
722	722
722	424
722	801
722	1049
770	770
629	629
102	102
882	486
882	882
882	1187
882	722
882	424
882	1049
108	108
1404	1404
1227	1110
1227	579
1227	1227
84	84
476	476
1396	717
1396	1071
1396	695
1396	123
1396	633
1396	1486
1396	1200
1396	862
1396	893
1396	1292
1396	368
1396	909
1396	286
1396	193
1396	1473
1396	973
1396	1378
1396	157
1396	1138
1396	978
1396	561
1396	738
1396	410
1396	309
1396	1396
1396	627
1396	1011
1396	708
1396	51
1396	855
1396	1236
1396	547
1396	273
1396	859
1396	1472
1396	421
1396	812
1396	147
1396	914
1396	420
1396	1306
1396	663
1396	613
1396	567
1396	684
1396	930
1396	1060
1396	1430
1396	117
1396	541
1396	237
1396	1326
1396	970
1396	1095
1396	894
1396	360
1396	1445
1396	438
1396	1356
1396	256
1396	125
1396	1446
1396	1050
1396	9
827	827
100	100
100	258
100	702
27	27
1420	1420
1461	1461
267	267
374	374
1302	226
1302	1302
1302	185
1302	532
470	470
842	842
1000	1000
582	582
83	83
418	418
1460	1460
772	1506
772	772
282	282
1399	1399
1399	1361
270	47
270	634
270	539
270	270
270	874
239	239
884	884
1298	1298
1105	1105
1529	1529
706	706
205	205
1421	1421
16	16
311	311
1478	1478
268	268
592	592
447	447
840	840
87	87
556	556
886	886
615	615
1052	1052
745	745
301	301
517	517
328	328
1462	1462
922	922
530	530
530	1470
189	1085
189	1342
189	690
189	811
189	520
189	189
189	669
189	580
189	697
0	0
0	278
0	472
0	1063
1021	1021
1021	1218
669	690
669	811
669	520
669	189
669	669
669	580
669	863
669	697
564	933
564	588
564	1170
564	1119
564	380
564	653
564	241
564	1260
564	564
564	1347
564	792
564	640
564	1277
564	1134
564	103
251	251
251	1300
1024	1024
288	288
1245	1245
297	297
493	493
704	693
704	704
704	1144
1477	925
1477	1477
543	543
543	444
543	938
543	14
1495	1495
552	552
1254	1254
1329	1329
441	441
551	551
17	17
289	289
1015	1015
925	925
925	1477
1171	1171
93	93
1180	1180
883	883
80	80
1379	1379
956	956
1229	1229
1309	1309
480	480
498	498
139	139
610	610
1394	1394
932	932
740	740
1341	1341
94	94
49	49
1291	1291
857	857
1369	1369
254	254
1251	1251
905	905
1435	1435
1213	1213
641	641
114	114
1150	1150
1520	1520
1186	1210
1186	1186
1186	1466
1359	1359
550	550
1434	1434
1507	1507
1231	1231
366	366
1267	1267
1381	1381
475	475
1116	1116
752	752
48	48
1174	1174
996	996
1169	1169
1513	1513
648	648
65	65
65	279
65	1246
170	170
511	511
1068	1068
971	971
705	522
705	186
705	425
705	1224
705	705
705	942
705	253
705	1410
705	845
705	54
705	1054
705	38
705	44
801	1187
801	722
801	424
801	801
801	1049
55	55
291	291
46	46
172	172
172	832
681	681
1423	1423
306	306
1161	1161
1161	709
1376	1376
533	533
1259	1259
1117	1117
1085	1424
1085	290
1085	765
1085	1085
1085	1342
1085	467
1085	400
1085	912
1085	8
1085	189
1085	73
892	892
917	917
1234	1234
31	31
31	472
1242	1242
1242	318
520	690
520	811
520	520
520	189
520	669
520	580
520	863
520	697
1266	1266
1266	1508
939	939
939	247
939	116
939	245
939	1480
528	528
428	428
518	518
698	698
248	248
248	794
1122	1122
1038	1038
1038	208
869	869
869	721
879	879
879	1201
879	1497
163	163
991	991
1474	1474
1474	1249
1474	679
1384	1384
1384	1032
455	455
1069	351
1069	1285
1069	510
1069	923
1069	1069
1069	1457
1069	1417
1069	1196
1069	1315
1069	727
1069	949
1069	1064
1069	1094
1069	568
13	1240
13	1230
13	13
13	572
13	680
13	1271
13	523
13	790
13	856
13	545
13	995
13	1077
13	1057
765	781
765	290
765	765
765	1085
765	1342
765	467
765	675
1055	1055
1412	1412
1412	943
513	513
443	443
443	42
443	456
79	79
175	175
898	898
773	773
1371	1371
912	1085
912	1342
912	467
912	400
912	912
912	8
912	73
227	227
227	781
227	675
1313	1313
278	0
278	278
278	1063
897	897
321	321
781	227
781	781
781	765
781	675
1149	1149
1149	313
208	1038
208	208
1270	1270
1270	544
1270	296
588	933
588	588
588	1170
588	564
588	1131
588	1347
588	792
588	1277
588	1134
1347	933
1347	588
1347	1170
1347	1119
1347	380
1347	653
1347	241
1347	1260
1347	564
1347	1131
1347	1347
1347	792
1347	640
1347	1277
1347	1134
933	933
933	588
933	1170
933	564
933	1131
933	1347
933	792
933	1277
933	1134
1491	679
1491	1491
1491	1248
1491	137
1170	933
1170	588
1170	1170
1170	564
1170	1131
1170	1347
1170	792
1170	1277
1170	1134
1249	1474
1249	1344
1249	1249
1249	679
1249	137
572	1230
572	13
572	572
572	680
572	1271
572	523
572	790
572	856
572	545
572	995
572	1077
572	1057
690	690
690	811
690	520
690	189
690	669
690	580
690	863
690	697
341	341
679	1474
679	1344
679	1249
679	679
679	1491
679	1248
679	137
649	649
649	1240
649	820
923	351
923	1285
923	510
923	923
923	1069
923	1417
923	1196
923	1315
923	727
923	949
923	1064
923	1094
923	568
792	933
792	588
792	1170
792	1119
792	380
792	653
792	241
792	1260
792	564
792	1347
792	792
792	640
792	1277
792	1134
241	1119
241	380
241	653
241	241
241	1260
241	564
241	1347
241	792
241	640
241	1277
241	103
1260	1119
1260	380
1260	653
1260	241
1260	1260
1260	564
1260	1347
1260	792
1260	640
1260	1277
1260	103
1131	933
1131	588
1131	1170
1131	1131
1131	1347
1131	1277
1131	1134
1131	699
1119	1119
1119	380
1119	653
1119	241
1119	1260
1119	564
1119	1347
1119	792
1119	640
1119	103
1344	1344
1344	1249
1344	679
380	1119
380	380
380	653
380	241
380	1260
380	564
380	1347
380	792
380	640
380	1277
380	103
976	976
976	1289
976	397
976	1056
976	720
397	976
397	1289
397	397
397	901
397	1056
397	720
351	351
351	1285
351	510
351	923
351	1069
351	1315
351	949
351	1064
351	1094
351	568
351	1159
966	966
966	166
966	1449
966	1357
966	134
966	116
966	1480
8	1085
8	1342
8	467
8	400
8	912
8	8
8	73
400	1085
400	1342
400	467
400	400
400	912
400	8
400	73
467	1424
467	290
467	765
467	1085
467	1342
467	467
467	400
467	912
467	8
467	73
811	690
811	811
811	520
811	189
811	669
811	580
811	863
811	697
6	6
1163	1163
899	899
611	611
668	668
1240	649
1240	1240
1240	1230
1240	13
1240	856
510	351
510	1285
510	510
510	923
510	1069
510	1417
510	1196
510	1315
510	727
510	949
510	1064
510	1094
510	568
209	209
209	820
529	529
529	604
1230	1240
1230	1230
1230	13
1230	572
1230	680
1230	1271
1230	523
1230	790
1230	856
1230	820
1230	545
1230	995
1230	1057
1457	1069
1457	1457
1457	1417
1457	1196
1457	1315
407	407
407	1339
680	1230
680	13
680	572
680	680
680	1271
680	523
680	790
680	1032
680	545
680	995
680	1077
680	1057
1357	966
1357	166
1357	1449
1357	1357
1357	134
1424	1424
1424	290
1424	1085
1424	1342
1424	467
59	59
88	88
290	1424
290	290
290	765
290	1085
290	1342
290	467
1205	896
1205	1205
1286	1286
1286	1020
967	967
967	901
967	1056
967	720
967	766
544	1270
544	544
544	296
653	1119
653	380
653	653
653	241
653	1260
653	564
653	1347
653	792
653	640
653	1277
653	103
249	249
1194	1194
839	839
69	69
1125	1125
896	896
896	1205
1289	976
1289	1289
1289	397
1289	1056
1289	720
1342	1424
1342	290
1342	765
1342	1085
1342	1342
1342	467
1342	400
1342	912
1342	8
1342	189
1342	73
1449	966
1449	166
1449	1449
1449	1357
1449	134
1449	116
176	176
156	156
1285	351
1285	1285
1285	510
1285	923
1285	1069
1285	1417
1285	1196
1285	1315
1285	727
1285	949
1285	1064
1285	1094
1285	568
166	966
166	166
166	1449
166	1357
166	134
166	116
721	869
721	721
112	112
1296	1296
972	972
478	1401
478	651
478	478
1321	1321
803	803
602	602
1141	1141
350	350
1425	1425
160	160
269	269
1405	1405
1530	1530
637	637
832	172
832	832
154	154
1062	1062
1450	1450
662	796
662	448
662	662
494	494
906	906
105	105
514	514
427	330
427	427
873	873
1282	1282
1209	1209
128	128
845	522
845	186
845	425
845	1224
845	705
845	942
845	253
845	1410
845	845
845	54
845	1054
845	38
845	44
355	355
217	217
1312	1312
54	522
54	186
54	425
54	1224
54	705
54	942
54	253
54	1410
54	845
54	54
54	1054
54	38
54	44
158	158
809	809
1336	1336
271	271
555	639
555	1075
555	1354
555	1212
555	658
555	1018
555	1148
555	1193
555	542
555	33
555	954
555	220
555	555
329	329
1044	1044
870	870
190	190
1510	1510
206	206
735	238
735	735
735	515
1368	1368
66	66
426	426
468	468
1054	186
1054	425
1054	1224
1054	705
1054	942
1054	253
1054	1410
1054	845
1054	54
1054	1054
1054	38
450	963
450	450
450	672
450	28
450	1246
367	367
700	700
700	403
302	302
1140	1140
1140	1100
279	65
279	279
279	672
279	1246
789	789
789	683
789	813
789	1202
789	968
202	202
345	345
435	435
980	980
161	161
1097	1097
755	755
501	501
144	144
394	394
784	149
784	985
784	1388
784	1426
784	784
1483	1483
361	361
1503	1503
1156	1156
106	106
308	308
1456	1456
1036	1036
264	264
452	1188
452	452
452	618
452	630
683	789
683	683
683	813
683	1202
683	968
813	789
813	683
813	813
813	1202
813	968
113	113
1202	789
1202	683
1202	813
1202	1202
1202	968
1185	1185
76	76
804	804
1360	1360
814	814
1079	1079
672	963
672	450
672	279
672	672
672	28
672	1246
1501	1501
1464	1464
1048	1048
688	688
1031	1031
1216	1216
795	795
1323	1323
1305	1305
62	62
26	26
1522	1522
1226	1226
110	110
657	657
1160	1160
310	310
57	57
1091	1091
934	934
404	404
696	696
540	540
753	753
292	292
710	710
744	1124
744	1287
744	402
744	218
744	900
744	744
744	52
734	734
1146	1146
479	479
1504	1504
1334	1334
173	173
1078	1078
666	666
1470	530
1470	1470
98	98
98	799
98	777
98	283
98	167
98	915
98	1492
98	750
98	737
1271	1230
1271	13
1271	572
1271	680
1271	1271
1271	523
1271	790
1271	856
1271	1032
1271	545
1271	995
1271	1077
1271	1057
574	574
901	967
901	397
901	901
901	1056
901	720
901	766
523	1230
523	13
523	572
523	680
523	1271
523	523
523	790
523	856
523	545
523	995
523	1077
523	1057
247	939
247	247
247	116
247	245
247	1480
640	1119
640	380
640	653
640	241
640	1260
640	564
640	1347
640	792
640	640
640	1277
640	103
1277	933
1277	588
1277	1170
1277	380
1277	653
1277	241
1277	1260
1277	564
1277	1131
1277	1347
1277	792
1277	640
1277	1277
1277	1134
1277	103
799	98
799	799
799	777
799	283
799	167
799	915
799	1492
799	750
799	737
1417	1285
1417	510
1417	923
1417	1069
1417	1457
1417	1417
1417	1196
1417	1315
1417	727
1417	949
1417	1064
1417	1094
1417	568
1196	1285
1196	510
1196	923
1196	1069
1196	1457
1196	1417
1196	1196
1196	1315
1196	727
1196	949
1196	1064
1196	1094
1196	568
790	1230
790	13
790	572
790	680
790	1271
790	523
790	790
790	856
790	1032
790	545
790	995
790	1057
1020	1286
1020	1020
856	1240
856	1230
856	13
856	572
856	1271
856	523
856	790
856	856
856	820
856	545
856	995
856	1057
1032	680
1032	1384
1032	1271
1032	790
1032	1032
1032	545
1032	995
1201	879
1201	1201
1201	1497
134	966
134	166
134	1449
134	1357
134	134
134	116
134	1480
1351	1351
473	473
225	225
225	126
1316	1316
1134	933
1134	588
1134	1170
1134	564
1134	1131
1134	1347
1134	792
1134	1277
1134	1134
816	816
1487	1487
584	584
777	98
777	799
777	777
777	1070
777	167
777	915
777	1492
1297	1297
587	587
782	782
42	443
42	42
42	456
1343	1343
1343	536
1343	1300
916	940
916	984
916	916
603	603
116	939
116	966
116	166
116	1449
116	247
116	134
116	116
116	245
116	1480
1121	1121
1274	1274
1274	1523
1274	1070
515	1377
515	238
515	735
515	515
674	674
968	789
968	683
968	813
968	1202
968	968
618	1188
618	452
618	618
618	630
38	522
38	186
38	425
38	1224
38	705
38	942
38	253
38	1410
38	845
38	54
38	1054
38	38
38	44
1358	928
1358	1358
1358	825
1358	398
1358	487
317	317
28	963
28	450
28	672
28	28
464	464
169	169
867	867
867	417
867	824
1331	1331
21	21
1135	1135
1053	1053
1523	1274
1523	1523
1523	1070
1523	915
1248	679
1248	1491
1248	1248
1248	137
77	77
593	593
356	356
356	1414
73	1085
73	1342
73	467
73	400
73	912
73	8
73	73
791	791
791	1221
119	119
372	372
474	474
1517	1517
381	381
391	391
798	798
732	732
712	712
459	459
459	1127
655	655
199	199
953	953
825	928
825	1358
825	825
825	398
825	487
403	700
403	403
1100	1140
1100	1100
1246	65
1246	963
1246	450
1246	279
1246	672
1246	1246
398	928
398	1358
398	825
398	398
398	487
1526	1526
101	101
491	491
665	665
338	338
127	127
1145	1145
487	928
487	1358
487	825
487	398
487	487
719	719
1443	1443
692	692
828	828
711	911
711	711
986	986
1422	1422
216	216
1325	1325
1500	1500
1045	1045
457	457
1418	1418
376	376
507	507
1408	1408
780	780
625	625
1181	1181
319	319
982	982
822	822
188	188
580	690
580	811
580	520
580	189
580	669
580	580
580	863
580	697
384	384
913	913
913	506
472	31
472	0
472	472
436	436
1414	356
1414	1414
298	298
182	182
676	676
92	92
234	234
370	370
29	29
284	284
1380	1380
678	678
583	583
1322	1322
1338	1338
187	187
280	388
280	280
300	300
776	776
1175	1175
314	314
656	656
1393	1393
1214	1214
993	993
730	730
1006	1006
353	353
731	731
9	717
9	1071
9	695
9	123
9	633
9	1486
9	1200
9	862
9	893
9	1292
9	368
9	909
9	286
9	193
9	1473
9	973
9	1378
9	157
9	1138
9	978
9	561
9	738
9	410
9	309
9	1396
9	627
9	1011
9	708
9	51
9	855
9	1236
9	547
9	273
9	859
9	1472
9	421
9	812
9	147
9	914
9	420
9	1306
9	663
9	613
9	567
9	684
9	930
9	1060
9	1430
9	117
9	541
9	237
9	1326
9	970
9	1095
9	894
9	360
9	1445
9	438
9	1356
9	256
9	125
9	1446
9	9
335	335
844	844
1049	486
1049	882
1049	1187
1049	722
1049	424
1049	801
1049	1049
413	413
1132	1132
44	522
44	186
44	425
44	1224
44	705
44	942
44	253
44	1410
44	845
44	54
44	38
44	44
179	1263
179	179
558	558
702	100
702	258
702	702
322	322
34	34
1318	1318
337	337
747	747
1027	1027
1315	351
1315	1285
1315	510
1315	923
1315	1069
1315	1457
1315	1417
1315	1196
1315	1315
1315	727
1315	949
1315	1064
1315	1094
1315	568
1348	1348
1512	1512
1352	1352
536	1343
536	536
536	1300
1406	1406
283	98
283	799
283	283
283	167
283	915
283	750
283	737
527	527
1056	967
1056	976
1056	1289
1056	397
1056	901
1056	1056
1056	720
820	649
820	209
820	1230
820	856
820	820
937	937
718	718
137	1249
137	679
137	1491
137	1248
137	137
675	227
675	781
675	765
675	675
850	850
1070	777
1070	1274
1070	1523
1070	1070
1070	1492
1409	1409
727	1285
727	510
727	923
727	1069
727	1417
727	1196
727	1315
727	727
727	949
727	1064
727	1094
727	568
417	867
417	417
417	824
545	1230
545	13
545	572
545	680
545	1271
545	523
545	790
545	856
545	1032
545	545
545	995
545	1077
545	1057
219	219
949	351
949	1285
949	510
949	923
949	1069
949	1417
949	1196
949	1315
949	727
949	949
949	1064
949	1094
949	568
318	1242
318	318
771	771
1127	459
1127	1127
159	159
159	200
506	913
506	506
231	231
340	340
1064	351
1064	1285
1064	510
1064	923
1064	1069
1064	1417
1064	1196
1064	1315
1064	727
1064	949
1064	1064
1064	1094
1064	568
1064	1159
1094	351
1094	1285
1094	510
1094	923
1094	1069
1094	1417
1094	1196
1094	1315
1094	727
1094	949
1094	1064
1094	1094
1094	568
1094	1159
568	351
568	1285
568	510
568	923
568	1069
568	1417
568	1196
568	1315
568	727
568	949
568	1064
568	1094
568	568
568	1159
1159	351
1159	1064
1159	1094
1159	568
1159	1159
1299	1299
471	471
299	299
1288	1288
1288	212
664	664
469	469
200	159
200	200
442	442
995	1230
995	13
995	572
995	680
995	1271
995	523
995	790
995	856
995	1032
995	545
995	995
995	1077
995	1057
347	347
604	529
604	604
129	129
621	621
1043	1043
762	762
52	1124
52	1287
52	402
52	218
52	900
52	744
52	52
924	174
924	276
924	924
746	746
242	1301
242	242
303	303
1143	557
1143	331
1143	1143
1469	1469
756	756
1172	11
1172	1172
1172	502
1111	1111
1496	1496
1118	1118
121	121
1081	1081
406	406
955	955
1041	1041
723	723
1005	1005
1084	1084
622	622
1465	1465
1093	1093
502	11
502	1172
502	502
829	829
352	352
414	414
1183	1183
741	741
375	375
947	1191
947	947
630	1188
630	452
630	618
630	630
1030	1030
285	285
689	689
1516	1516
1137	1137
1195	1195
1022	1022
1065	1065
660	660
1101	1101
1440	1440
393	393
1220	1220
1198	1198
707	707
962	962
1154	1154
1433	1433
439	439
363	363
221	221
18	18
1437	1437
167	98
167	799
167	777
167	283
167	167
167	1492
167	737
1330	1330
67	67
1086	1086
1233	1233
386	386
1515	1515
628	628
757	757
1304	1304
1155	1155
466	466
1373	1373
382	382
1076	1076
1511	1511
1034	1034
864	864
944	944
1112	1112
222	222
222	260
1221	791
1221	1221
643	643
643	260
2	2
952	952
260	222
260	643
260	260
1383	1383
1355	1355
619	619
103	1119
103	380
103	653
103	241
103	1260
103	564
103	640
103	1277
103	103
612	612
1261	1261
607	607
364	364
631	631
1019	1019
764	764
1035	1035
1479	1479
638	638
503	503
1102	1102
948	948
64	64
431	431
841	841
915	98
915	799
915	777
915	1523
915	283
915	915
915	1492
915	737
371	371
852	852
767	767
1492	98
1492	799
1492	777
1492	1070
1492	167
1492	915
1492	1492
1508	1266
1508	1508
1016	1016
565	565
126	225
126	126
943	1412
943	943
760	760
408	408
99	99
492	492
263	263
348	348
70	70
1113	1113
74	74
577	577
212	1288
212	212
1106	1106
1521	1521
215	215
334	334
120	120
287	287
1208	1208
178	178
481	481
1310	1310
1077	13
1077	572
1077	680
1077	1271
1077	523
1077	545
1077	995
1077	1077
1077	1057
961	961
1129	1129
396	396
1063	0
1063	278
1063	1063
866	866
863	690
863	811
863	520
863	669
863	580
863	863
863	697
699	1131
699	699
671	671
965	965
1057	1230
1057	13
1057	572
1057	680
1057	1271
1057	523
1057	790
1057	856
1057	545
1057	995
1057	1077
1057	1057
750	98
750	799
750	283
750	750
750	737
737	98
737	799
737	283
737	167
737	915
737	750
737	737
990	990
1123	1123
1223	1223
75	75
15	15
344	344
344	192
245	939
245	247
245	116
245	245
245	1480
1276	1276
373	373
411	411
192	344
192	192
1092	1092
1037	1037
138	138
456	443
456	42
456	456
261	261
1339	407
1339	1339
1481	1481
1051	1051
1013	1013
559	559
1458	1458
389	389
720	967
720	976
720	1289
720	397
720	901
720	1056
720	720
1320	1320
97	97
834	834
1480	939
1480	966
1480	247
1480	134
1480	116
1480	245
1480	1480
1247	1247
766	967
766	901
766	766
1300	251
1300	1343
1300	536
1300	1300
488	488
296	1270
296	544
296	296
32	32
794	248
794	794
207	207
1497	879
1497	1201
1497	1497
385	385
313	1149
313	313
697	690
697	811
697	520
697	189
697	669
697	580
697	863
697	697
824	867
824	417
824	824
1308	1308
576	576
573	573
694	694
636	636
1307	1307
1317	1317
1389	1389
1007	1007
1218	1021
1218	1218
589	589
1096	1096
1370	1370
1442	1442
659	659
1009	1009
