org_userid	remap_userid
0	0
1	1
2	2
3	3
5	4
6	5
7	6
11	7
12	8
13	9
15	10
16	11
17	12
18	13
19	14
20	15
21	16
8210	17
23	18
24	19
25	20
26	21
27	22
8212	23
29	24
30	25
8222	26
32	27
24602	28
34	29
35	30
36	31
37	32
41	33
42	34
43	35
45	36
47	37
49	38
50	39
51	40
52	41
54	42
56	43
57	44
58	45
32827	46
61	47
62	48
65	49
66	50
67	51
68	52
69	53
8258	54
71	55
72	56
8265	57
74	58
75	59
76	60
78	61
49230	62
80	63
49233	64
82	65
83	66
84	67
24658	68
86	69
87	70
88	71
91	72
92	73
98	74
101	75
102	76
8295	77
105	78
8297	79
16492	80
110	81
112	82
8304	83
115	84
8307	85
8308	86
8312	87
123	88
124	89
127	90
143	91
149	92
152	93
153	94
156	95
57502	96
159	97
57503	98
163	99
167	100
169	101
170	102
174	103
32944	104
8369	105
41139	106
180	107
182	108
183	109
185	110
189	111
8382	112
192	113
193	114
195	115
8393	116
57545	117
207	118
215	119
8408	120
217	121
8410	122
219	123
226	124
229	125
234	126
235	127
236	128
8428	129
238	130
8433	131
250	132
16636	133
262	134
263	135
265	136
8467	137
277	138
8469	139
279	140
280	141
57621	142
291	143
295	144
300	145
41262	146
319	147
41283	148
324	149
41295	150
8537	151
349	152
352	153
353	154
354	155
355	156
362	157
364	158
378	159
8572	160
33150	161
383	162
8577	163
386	164
387	165
389	166
8583	167
8588	168
33167	169
404	170
412	171
417	172
431	173
433	174
436	175
444	176
446	177
481	178
25058	179
41441	180
486	181
41454	182
505	183
8701	184
41480	185
41487	186
41495	187
41509	188
8742	189
553	190
8747	191
557	192
41517	193
8753	194
562	195
8755	196
568	197
41528	198
570	199
572	200
576	201
33348	202
588	203
16400	204
599	205
8794	206
8797	207
620	208
16406	209
25201	210
634	211
635	212
638	213
639	214
8845	215
659	216
8853	217
663	218
667	219
17051	220
676	221
677	222
678	223
25254	224
25261	225
689	226
693	227
8889	228
8892	229
703	230
705	231
8898	232
8899	233
8902	234
712	235
714	236
41674	237
717	238
718	239
8909	240
721	241
8917	242
727	243
8925	244
740	245
743	246
33512	247
58091	248
8946	249
8949	250
758	251
8950	252
761	253
768	254
770	255
775	256
8970	257
8973	258
9000	259
9003	260
818	261
9012	262
17205	263
824	264
17209	265
9022	266
17214	267
836	268
33615	269
852	270
853	271
9050	272
875	273
876	274
9069	275
878	276
879	277
25453	278
881	279
882	280
883	281
887	282
890	283
891	284
17275	285
898	286
900	287
902	288
903	289
904	290
906	291
908	292
9101	293
909	294
910	295
912	296
24604	297
25488	298
915	299
916	300
9109	301
918	302
924	303
9117	304
928	305
9120	306
41896	307
9135	308
17327	309
958	310
959	311
960	312
961	313
962	314
963	315
965	316
966	317
967	318
25544	319
969	320
970	321
971	322
973	323
974	324
976	325
9172	326
981	327
985	328
25562	329
987	330
988	331
991	332
993	333
995	334
999	335
1003	336
1004	337
1005	338
17393	339
1011	340
1013	341
1017	342
17403	343
1021	344
1027	345
1029	346
1033	347
17422	348
1047	349
1050	350
9242	351
1072	352
1073	353
1076	354
1077	355
33846	356
1079	357
1083	358
1087	359
1092	360
1095	361
1096	362
1097	363
1099	364
1102	365
1103	366
1106	367
1107	368
1108	369
1124	370
1128	371
1139	372
1140	373
1142	374
1143	375
1147	376
1148	377
1149	378
1153	379
1156	380
1158	381
1160	382
1161	383
1163	384
1164	385
1166	386
1168	387
1170	388
1171	389
1177	390
1178	391
1179	392
1180	393
1185	394
17570	395
17571	396
17573	397
1192	398
17581	399
1206	400
1208	401
9403	402
1212	403
1213	404
1219	405
1220	406
17604	407
9417	408
17621	409
1240	410
1242	411
1244	412
1248	413
1253	414
9445	415
9454	416
9471	417
25872	418
1302	419
9497	420
1308	421
1309	422
1310	423
1311	424
9503	425
9505	426
17697	427
1315	428
50460	429
1318	430
1321	431
1323	432
1326	433
1331	434
1335	435
1350	436
9548	437
9566	438
9567	439
9569	440
50532	441
9574	442
1386	443
1387	444
1391	445
25967	446
1393	447
1397	448
1398	449
9593	450
17790	451
9604	452
1413	453
17797	454
17802	455
1428	456
1429	457
1430	458
1431	459
26007	460
1451	461
17835	462
9646	463
17838	464
26032	465
34225	466
9673	467
34249	468
9687	469
1497	470
1498	471
1499	472
1500	473
1501	474
1502	475
1503	476
1504	477
1505	478
1508	479
17892	480
1510	481
1511	482
1513	483
1515	484
1517	485
1519	486
1521	487
1523	488
1524	489
1525	490
1526	491
1527	492
1528	493
1529	494
1531	495
1537	496
1538	497
9730	498
42497	499
1541	500
1544	501
1545	502
1546	503
1548	504
26124	505
1553	506
9749	507
1559	508
1562	509
1570	510
1572	511
1573	512
1579	513
1580	514
1582	515
1587	516
1588	517
1592	518
17979	519
1599	520
9792	521
34370	522
9795	523
1604	524
1605	525
26190	526
1645	527
18036	528
1666	529
1669	530
42629	531
9870	532
42641	533
18074	534
1693	535
1695	536
1696	537
1697	538
9888	539
18081	540
1700	541
1703	542
1706	543
1707	544
1708	545
1711	546
1714	547
1717	548
1720	549
1721	550
1724	551
1725	552
9918	553
1729	554
1730	555
18113	556
18115	557
42690	558
1742	559
18128	560
26321	561
18140	562
1771	563
1772	564
50925	565
1774	566
1776	567
1786	568
1791	569
1794	570
1795	571
1801	572
1806	573
34604	574
34607	575
18227	576
1859	577
1860	578
1861	579
1863	580
1867	581
1868	582
1870	583
1872	584
1873	585
1875	586
1876	587
1880	588
1881	589
1886	590
1890	591
1891	592
1895	593
1898	594
1899	595
1900	596
1904	597
1906	598
1915	599
1918	600
1923	601
1924	602
26508	603
34702	604
1935	605
26513	606
1939	607
1940	608
1944	609
1948	610
1951	611
1968	612
10167	613
1984	614
1986	615
1987	616
18375	617
1992	618
1999	619
2001	620
2008	621
18398	622
2016	623
2025	624
2028	625
2029	626
2030	627
2033	628
2036	629
18421	630
2038	631
2042	632
10238	633
2046	634
10240	635
2049	636
2050	637
10243	638
18433	639
34820	640
10246	641
2055	642
2057	643
2061	644
2066	645
2069	646
18460	647
43053	648
26676	649
26677	650
2102	651
26679	652
2111	653
2115	654
2138	655
10333	656
10336	657
2149	658
10341	659
10344	660
10349	661
10350	662
10351	663
10353	664
10354	665
10355	666
18546	667
2165	668
2166	669
10359	670
10360	671
2171	672
2173	673
10365	674
2175	675
10371	676
10375	677
10376	678
10380	679
10382	680
2193	681
2195	682
10392	683
10398	684
2208	685
2218	686
10410	687
2222	688
2224	689
10416	690
10423	691
2235	692
10428	693
2240	694
10435	695
10446	696
2260	697
26836	698
2262	699
2264	700
2268	701
2276	702
2278	703
2282	704
18670	705
10481	706
10483	707
2294	708
2305	709
2306	710
2313	711
2315	712
2316	713
2319	714
2321	715
2334	716
43297	717
2343	718
18728	719
2356	720
2359	721
10554	722
10555	723
10557	724
10559	725
10560	726
2371	727
2374	728
2375	729
2376	730
2377	731
2378	732
2379	733
18759	734
35146	735
10578	736
2387	737
18772	738
2397	739
2410	740
18794	741
18797	742
18798	743
10608	744
2418	745
10612	746
10613	747
10614	748
2424	749
2428	750
10620	751
10622	752
10625	753
2436	754
10628	755
10629	756
10630	757
10632	758
10635	759
10638	760
2449	761
10642	762
10643	763
2453	764
10647	765
18839	766
10649	767
10650	768
35229	769
27038	770
10655	771
10658	772
10659	773
10661	774
10665	775
10668	776
10669	777
27054	778
18867	779
10681	780
10685	781
10687	782
10690	783
10691	784
10696	785
18897	786
18899	787
35283	788
27095	789
10714	790
10718	791
27109	792
10733	793
10735	794
10743	795
10748	796
10749	797
2559	798
10752	799
35330	800
2570	801
10763	802
10774	803
10775	804
27161	805
35355	806
10781	807
10809	808
35390	809
10820	810
10824	811
43592	812
2634	813
10835	814
19036	815
2672	816
27274	817
10909	818
27316	819
10956	820
10957	821
10958	822
10959	823
10960	824
10961	825
10962	826
10963	827
2772	828
10964	829
2774	830
2776	831
10969	832
10972	833
10973	834
10974	835
10976	836
10977	837
2786	838
10978	839
2788	840
10983	841
10986	842
10988	843
10989	844
19182	845
10991	846
10992	847
10993	848
10994	849
51951	850
10996	851
10997	852
10998	853
27383	854
27384	855
11000	856
2805	857
27387	858
11003	859
2808	860
11006	861
2814	862
27392	863
2815	864
2816	865
27394	866
35582	867
2821	868
11014	869
11015	870
11016	871
11017	872
2822	873
11019	874
2827	875
11021	876
2829	877
11023	878
2831	879
2832	880
2834	881
11025	882
2836	883
11029	884
11030	885
11031	886
11032	887
11033	888
2842	889
2843	890
2844	891
11035	892
11037	893
35610	894
2850	895
2856	896
52025	897
2877	898
27454	899
2880	900
2881	901
2882	902
2889	903
2892	904
2893	905
2896	906
2902	907
11094	908
2904	909
35674	910
2907	911
2913	912
2917	913
2919	914
2923	915
2925	916
2929	917
2945	918
2947	919
2948	920
11142	921
2952	922
2953	923
2954	924
2958	925
2959	926
2961	927
2966	928
2972	929
2975	930
2981	931
2988	932
2989	933
2992	934
19378	935
2996	936
2998	937
3016	938
19406	939
11216	940
11217	941
3029	942
3037	943
11243	944
3053	945
11253	946
11258	947
11260	948
11265	949
27651	950
3080	951
3081	952
3084	953
3085	954
11277	955
11278	956
3089	957
3096	958
3097	959
11288	960
3103	961
11299	962
3108	963
3114	964
11310	965
11314	966
11322	967
3132	968
11328	969
3141	970
3142	971
3149	972
3151	973
3157	974
3166	975
3167	976
11358	977
44126	978
3191	979
3200	980
3201	981
3211	982
3222	983
3236	984
11429	985
11435	986
3245	987
3256	988
3259	989
19648	990
44226	991
19656	992
19657	993
19658	994
3314	995
3316	996
36088	997
11518	998
11523	999
3336	1000
11535	1001
3344	1002
3348	1003
11541	1004
11542	1005
11544	1006
3354	1007
11550	1008
11559	1009
3371	1010
3378	1011
3381	1012
3384	1013
3394	1014
11590	1015
11592	1016
3401	1017
36173	1018
27983	1019
3410	1020
11602	1021
11608	1022
3419	1023
11625	1024
3443	1025
11646	1026
11648	1027
3469	1028
11662	1029
28060	1030
11678	1031
19870	1032
19872	1033
11685	1034
11689	1035
11692	1036
19888	1037
19892	1038
11704	1039
11706	1040
44474	1041
3516	1042
36290	1043
11722	1044
3543	1045
11737	1046
19930	1047
19931	1048
11743	1049
11756	1050
11762	1051
11765	1052
11780	1053
19982	1054
3603	1055
3623	1056
11817	1057
11818	1058
36400	1059
3636	1060
11833	1061
3642	1062
28223	1063
3663	1064
11862	1065
11886	1066
3698	1067
11891	1068
3702	1069
3711	1070
11907	1071
3719	1072
11918	1073
3727	1074
11923	1075
3732	1076
11924	1077
11928	1078
11951	1079
3762	1080
3770	1081
28346	1082
11972	1083
28356	1084
3784	1085
36555	1086
3788	1087
11996	1088
3818	1089
3823	1090
3841	1091
20226	1092
20237	1093
3855	1094
3861	1095
28454	1096
3886	1097
3899	1098
3905	1099
12097	1100
12100	1101
12134	1102
28520	1103
28525	1104
3950	1105
28527	1106
28536	1107
12157	1108
44941	1109
20367	1110
20386	1111
4030	1112
12230	1113
20425	1114
28619	1115
4046	1116
4051	1117
12244	1118
12253	1119
36830	1120
45032	1121
12265	1122
4080	1123
12275	1124
36853	1125
45052	1126
45053	1127
28686	1128
12313	1129
28699	1130
12321	1131
20527	1132
28735	1133
12352	1134
12357	1135
12367	1136
12404	1137
28805	1138
12429	1139
4263	1140
12471	1141
20663	1142
28887	1143
28888	1144
12564	1145
12569	1146
20772	1147
53569	1148
29009	1149
37202	1150
12632	1151
37220	1152
20842	1153
45451	1154
20880	1155
29095	1156
29103	1157
4533	1158
4537	1159
4543	1160
4547	1161
4548	1162
20932	1163
29130	1164
12755	1165
20953	1166
4570	1167
29151	1168
4577	1169
4591	1170
12784	1171
12790	1172
4612	1173
4619	1174
4622	1175
12815	1176
12816	1177
12819	1178
4629	1179
12822	1180
4631	1181
4633	1182
4639	1183
4640	1184
4641	1185
4656	1186
4657	1187
4659	1188
4662	1189
4663	1190
4665	1191
4671	1192
4672	1193
45631	1194
4676	1195
4678	1196
4682	1197
4687	1198
4690	1199
29266	1200
4693	1201
4695	1202
45655	1203
45661	1204
12895	1205
12898	1206
4709	1207
12902	1208
53864	1209
53870	1210
21109	1211
21121	1212
4746	1213
45715	1214
4757	1215
4762	1216
12959	1217
4768	1218
29380	1219
4819	1220
13026	1221
4844	1222
4846	1223
4847	1224
4854	1225
4855	1226
21240	1227
13051	1228
54014	1229
4871	1230
13084	1231
13087	1232
4902	1233
29491	1234
29492	1235
54079	1236
13120	1237
4936	1238
4945	1239
4946	1240
4949	1241
4977	1242
13172	1243
4984	1244
4985	1245
4986	1246
4987	1247
4988	1248
29575	1249
45961	1250
5009	1251
5011	1252
54164	1253
5014	1254
21400	1255
5021	1256
13219	1257
13221	1258
37810	1259
37811	1260
5046	1261
29630	1262
29666	1263
5095	1264
29685	1265
54267	1266
54268	1267
21534	1268
5153	1269
5155	1270
5157	1271
5159	1272
13361	1273
5174	1274
21585	1275
21587	1276
21589	1277
5210	1278
21596	1279
5214	1280
21602	1281
5219	1282
5220	1283
21607	1284
37998	1285
38004	1286
38037	1287
5270	1288
13472	1289
29858	1290
29862	1291
5296	1292
13489	1293
5300	1294
5311	1295
13514	1296
13550	1297
54523	1298
21756	1299
54527	1300
5376	1301
5377	1302
5378	1303
38164	1304
5402	1305
21787	1306
5404	1307
5408	1308
21796	1309
21798	1310
5415	1311
21799	1312
21800	1313
21801	1314
5428	1315
5429	1316
5430	1317
21813	1318
21816	1319
5439	1320
21823	1321
5441	1322
21826	1323
13640	1324
21837	1325
13652	1326
21845	1327
13654	1328
21852	1329
21853	1330
21859	1331
21860	1332
21863	1333
13677	1334
13679	1335
21876	1336
21881	1337
13727	1338
21919	1339
13749	1340
5591	1341
5595	1342
13789	1343
13793	1344
13801	1345
30188	1346
21999	1347
5617	1348
5623	1349
13818	1350
5632	1351
13826	1352
13827	1353
5644	1354
22029	1355
5647	1356
5649	1357
22034	1358
13854	1359
5667	1360
5679	1361
30256	1362
5681	1363
30258	1364
54837	1365
5694	1366
5700	1367
54856	1368
5705	1369
5707	1370
5708	1371
54861	1372
5724	1373
5727	1374
22121	1375
5739	1376
38507	1377
30318	1378
5743	1379
5744	1380
5758	1381
5767	1382
30344	1383
22164	1384
5786	1385
38611	1386
14059	1387
14066	1388
22309	1389
2806	1390
14120	1391
14125	1392
14136	1393
22344	1394
14163	1395
5972	1396
46944	1397
38757	1398
55156	1399
38784	1400
2824	1401
2825	1402
22413	1403
14229	1404
6055	1405
14266	1406
6085	1407
14277	1408
6100	1409
30677	1410
6107	1411
6108	1412
30684	1413
6110	1414
14304	1415
22497	1416
6115	1417
14309	1418
6121	1419
6123	1420
14316	1421
22509	1422
14322	1423
6154	1424
30731	1425
6171	1426
22573	1427
30767	1428
6196	1429
55360	1430
6211	1431
6215	1432
14410	1433
22604	1434
6223	1435
6241	1436
6249	1437
39020	1438
6256	1439
6258	1440
6260	1441
6269	1442
6281	1443
14480	1444
6291	1445
6301	1446
6304	1447
11024	1448
6324	1449
47302	1450
22739	1451
30952	1452
22767	1453
39155	1454
39158	1455
39159	1456
22789	1457
14614	1458
14649	1459
14651	1460
39235	1461
39246	1462
14673	1463
22891	1464
22909	1465
22911	1466
22913	1467
14743	1468
22942	1469
22945	1470
14768	1471
6586	1472
6588	1473
14780	1474
22973	1475
14787	1476
6598	1477
14790	1478
6604	1479
6605	1480
6606	1481
6618	1482
6621	1483
6622	1484
6628	1485
6632	1486
6636	1487
6641	1488
6644	1489
6650	1490
6652	1491
6660	1492
6662	1493
23050	1494
6673	1495
6692	1496
14885	1497
14886	1498
14888	1499
6703	1500
14897	1501
6711	1502
14907	1503
6736	1504
39505	1505
6738	1506
6759	1507
39537	1508
27397	1509
31348	1510
6776	1511
14969	1512
31354	1513
27399	1514
6782	1515
6785	1516
14979	1517
39556	1518
14982	1519
39562	1520
6799	1521
6801	1522
31377	1523
6804	1524
14996	1525
27404	1526
6826	1527
6833	1528
6837	1529
15046	1530
6862	1531
6864	1532
39644	1533
15080	1534
6895	1535
6897	1536
15089	1537
6899	1538
6902	1539
6903	1540
6907	1541
6908	1542
6910	1543
6913	1544
6916	1545
6918	1546
15110	1547
6923	1548
15115	1549
6929	1550
47889	1551
6933	1552
6941	1553
31517	1554
15137	1555
6948	1556
6955	1557
6982	1558
15178	1559
7001	1560
7018	1561
39802	1562
31616	1563
56204	1564
7053	1565
31657	1566
15290	1567
15292	1568
15296	1569
15297	1570
7106	1571
7108	1572
15301	1573
15303	1574
15312	1575
15315	1576
15317	1577
15320	1578
7130	1579
15330	1580
15335	1581
15340	1582
15341	1583
7155	1584
15350	1585
15355	1586
39936	1587
7170	1588
7172	1589
15369	1590
15370	1591
15377	1592
7191	1593
7192	1594
31769	1595
15386	1596
39961	1597
15388	1598
15391	1599
15394	1600
15402	1601
7211	1602
7217	1603
7218	1604
31797	1605
7223	1606
7231	1607
7240	1608
7254	1609
31852	1610
7281	1611
31864	1612
7310	1613
31901	1614
31912	1615
15533	1616
15540	1617
15542	1618
15548	1619
15554	1620
15557	1621
7379	1622
15575	1623
15576	1624
15589	1625
7404	1626
40178	1627
23796	1628
7416	1629
7426	1630
7438	1631
32019	1632
7474	1633
7480	1634
7482	1635
15679	1636
7498	1637
7501	1638
7509	1639
7516	1640
7517	1641
7527	1642
32107	1643
7538	1644
7558	1645
7568	1646
15766	1647
32164	1648
32174	1649
7599	1650
7610	1651
7637	1652
48598	1653
7647	1654
7667	1655
7674	1656
7683	1657
7689	1658
7690	1659
32265	1660
7727	1661
32306	1662
15942	1663
15964	1664
7784	1665
24184	1666
7813	1667
7817	1668
7818	1669
7819	1670
48790	1671
48792	1672
7834	1673
7836	1674
7843	1675
7870	1676
7883	1677
16085	1678
7895	1679
16089	1680
16091	1681
7905	1682
16101	1683
40695	1684
7928	1685
24316	1686
7986	1687
8013	1688
8025	1689
16222	1690
16224	1691
57190	1692
16234	1693
8063	1694
8068	1695
8082	1696
8088	1697
16281	1698
8100	1699
16301	1700
32685	1701
49069	1702
8123	1703
8130	1704
8140	1705
8141	1706
8144	1707
16341	1708
8155	1709
16348	1710
16361	1711
40938	1712
